0.0625 0.0 0.0357142857143 0.0
0.125 0.0 0.107142857143 0.0
0.1875 0.0 0.178571428571 0.0
0.25 0.0 0.25 0.0
0.3125 0.0 0.321428571429 0.0
0.375 0.0 0.392857142857 0.0
0.4375 0.0 0.464285714286 0.0
0.5 0.0 0.535714285714 0.0
0.625 0.0 0.607142857143 0.0
0.6875 0.0 0.678571428571 0.0
0.75 0.0 0.75 0.0
0.8125 0.0 0.821428571429 0.0
0.875 0.0 0.892857142857 0.0
0.9375 0.0 0.964285714286 0.0
0.0 0.0714285714286 0.0 0.0625
0.0625 0.0714285714286 0.0714285714286 0.0625
0.125 0.0714285714286 0.142857142857 0.0625
0.1875 0.0714285714286 0.214285714286 0.0625
0.25 0.0714285714286 0.285714285714 0.0625
0.375 0.0714285714286 0.357142857143 0.0625
0.4375 0.0714285714286 0.428571428571 0.0625
0.5 0.0714285714286 0.5 0.0625
0.5625 0.0714285714286 0.571428571429 0.0625
0.625 0.0714285714286 0.642857142857 0.0625
0.6875 0.0714285714286 0.714285714286 0.0625
0.75 0.0714285714286 0.785714285714 0.0625
0.875 0.0714285714286 0.857142857143 0.0625
0.9375 0.0714285714286 0.928571428571 0.0625
0.0625 0.142857142857 0.0357142857143 0.125
0.125 0.142857142857 0.107142857143 0.125
0.1875 0.142857142857 0.178571428571 0.125
0.25 0.142857142857 0.25 0.125
0.3125 0.0714285714286 0.321428571429 0.125
0.375 0.142857142857 0.392857142857 0.125
0.4375 0.142857142857 0.464285714286 0.125
0.5625 0.142857142857 0.535714285714 0.125
0.625 0.142857142857 0.607142857143 0.125
0.6875 0.142857142857 0.678571428571 0.125
0.75 0.142857142857 0.75 0.125
0.8125 0.0714285714286 0.821428571429 0.125
0.875 0.142857142857 0.892857142857 0.125
0.9375 0.142857142857 0.964285714286 0.125
0.0 0.142857142857 0.0 0.1875
0.0625 0.214285714286 0.0714285714286 0.1875
0.125 0.214285714286 0.142857142857 0.1875
0.1875 0.214285714286 0.214285714286 0.1875
0.3125 0.142857142857 0.285714285714 0.1875
0.375 0.214285714286 0.357142857143 0.1875
0.4375 0.214285714286 0.428571428571 0.1875
0.5 0.142857142857 0.5 0.1875
0.5625 0.214285714286 0.571428571429 0.1875
0.625 0.214285714286 0.642857142857 0.1875
0.6875 0.214285714286 0.714285714286 0.1875
0.8125 0.142857142857 0.785714285714 0.1875
0.875 0.214285714286 0.857142857143 0.1875
0.9375 0.214285714286 0.928571428571 0.1875
0.0 0.285714285714 0.0357142857143 0.25
0.125 0.285714285714 0.107142857143 0.25
0.1875 0.285714285714 0.178571428571 0.25
0.25 0.214285714286 0.25 0.25
0.3125 0.214285714286 0.321428571429 0.25
0.375 0.285714285714 0.392857142857 0.25
0.4375 0.285714285714 0.464285714286 0.25
0.5 0.214285714286 0.535714285714 0.25
0.625 0.285714285714 0.607142857143 0.25
0.6875 0.285714285714 0.678571428571 0.25
0.75 0.214285714286 0.75 0.25
0.8125 0.214285714286 0.821428571429 0.25
0.875 0.285714285714 0.892857142857 0.25
0.0 0.214285714286 -0.0357142857143 0.25
0.0 0.357142857143 0.0 0.3125
0.0625 0.285714285714 0.0714285714286 0.3125
0.125 0.357142857143 0.142857142857 0.3125
0.25 0.285714285714 0.214285714286 0.3125
0.3125 0.285714285714 0.285714285714 0.3125
0.375 0.357142857143 0.357142857143 0.3125
0.4375 0.357142857143 0.428571428571 0.3125
0.5 0.285714285714 0.5 0.3125
0.5625 0.285714285714 0.571428571429 0.3125
0.625 0.357142857143 0.642857142857 0.3125
0.75 0.285714285714 0.714285714286 0.3125
0.8125 0.285714285714 0.785714285714 0.3125
0.875 0.357142857143 0.857142857143 0.3125
0.9375 0.285714285714 0.928571428571 0.3125
0.0625 0.357142857143 0.0357142857143 0.375
0.125 0.428571428571 0.107142857143 0.375
0.1875 0.357142857143 0.178571428571 0.375
0.25 0.357142857143 0.25 0.375
0.3125 0.357142857143 0.321428571429 0.375
0.375 0.428571428571 0.392857142857 0.375
0.5 0.357142857143 0.464285714286 0.375
0.5 0.428571428571 0.535714285714 0.375
0.5625 0.357142857143 0.607142857143 0.375
0.6875 0.357142857143 0.678571428571 0.375
0.75 0.357142857143 0.75 0.375
0.8125 0.357142857143 0.821428571429 0.375
0.875 0.428571428571 0.892857142857 0.375
0.9375 0.357142857143 0.964285714286 0.375
0.0 0.428571428571 0.0 0.4375
0.0625 0.428571428571 0.0714285714286 0.4375
0.125 0.5 0.142857142857 0.4375
0.1875 0.428571428571 0.214285714286 0.4375
0.25 0.428571428571 0.285714285714 0.4375
0.3125 0.428571428571 0.357142857143 0.4375
0.4375 0.428571428571 0.428571428571 0.4375
0.5 0.5 0.5 0.4375
0.5625 0.428571428571 0.571428571429 0.4375
0.625 0.428571428571 0.642857142857 0.4375
0.6875 0.428571428571 0.714285714286 0.4375
0.75 0.428571428571 0.785714285714 0.4375
0.8125 0.428571428571 0.857142857143 0.4375
0.9375 0.428571428571 0.928571428571 0.4375
0.0 0.5 0.0357142857143 0.5
0.0625 0.5 0.107142857143 0.5
0.1875 0.5 0.178571428571 0.5
0.25 0.5 0.25 0.5
0.3125 0.5 0.321428571429 0.5
0.375 0.5 0.392857142857 0.5
0.4375 0.5 0.464285714286 0.5
0.5625 0.5 0.535714285714 0.5
0.625 0.5 0.607142857143 0.5
0.6875 0.5 0.678571428571 0.5
0.75 0.5 0.75 0.5
0.8125 0.5 0.821428571429 0.5
0.875 0.5 0.892857142857 0.5
0.9375 0.5 0.964285714286 0.5
0.0 0.571428571429 0.0 0.5625
0.0625 0.571428571429 0.0714285714286 0.5625
0.125 0.571428571429 0.142857142857 0.5625
0.25 0.571428571429 0.214285714286 0.5625
0.3125 0.571428571429 0.285714285714 0.5625
0.375 0.571428571429 0.357142857143 0.5625
0.4375 0.571428571429 0.428571428571 0.5625
0.5 0.571428571429 0.5 0.5625
0.5625 0.571428571429 0.571428571429 0.5625
0.625 0.571428571429 0.642857142857 0.5625
0.75 0.571428571429 0.714285714286 0.5625
0.8125 0.571428571429 0.785714285714 0.5625
0.875 0.571428571429 0.857142857143 0.5625
0.9375 0.571428571429 0.928571428571 0.5625
0.0625 0.642857142857 0.0357142857143 0.625
0.125 0.642857142857 0.107142857143 0.625
0.1875 0.571428571429 0.178571428571 0.625
0.25 0.642857142857 0.25 0.625
0.3125 0.642857142857 0.321428571429 0.625
0.375 0.642857142857 0.392857142857 0.625
0.4375 0.642857142857 0.464285714286 0.625
0.5 0.642857142857 0.535714285714 0.625
0.625 0.642857142857 0.607142857143 0.625
0.6875 0.571428571429 0.678571428571 0.625
0.75 0.642857142857 0.75 0.625
0.8125 0.642857142857 0.821428571429 0.625
0.875 0.642857142857 0.892857142857 0.625
0.0 0.642857142857 -0.0357142857143 0.625
0.0 0.714285714286 0.0 0.6875
0.0625 0.714285714286 0.0714285714286 0.6875
0.125 0.714285714286 0.142857142857 0.6875
0.1875 0.642857142857 0.214285714286 0.6875
0.25 0.714285714286 0.285714285714 0.6875
0.375 0.714285714286 0.357142857143 0.6875
0.4375 0.714285714286 0.428571428571 0.6875
0.5 0.714285714286 0.5 0.6875
0.5625 0.642857142857 0.571428571429 0.6875
0.625 0.714285714286 0.642857142857 0.6875
0.6875 0.642857142857 0.714285714286 0.6875
0.75 0.714285714286 0.785714285714 0.6875
0.875 0.714285714286 0.857142857143 0.6875
0.9375 0.642857142857 0.928571428571 0.6875
0.0 0.785714285714 0.0357142857143 0.75
0.125 0.785714285714 0.107142857143 0.75
0.1875 0.714285714286 0.178571428571 0.75
0.25 0.785714285714 0.25 0.75
0.3125 0.714285714286 0.321428571429 0.75
0.375 0.785714285714 0.392857142857 0.75
0.4375 0.785714285714 0.464285714286 0.75
0.5625 0.714285714286 0.535714285714 0.75
0.625 0.785714285714 0.607142857143 0.75
0.6875 0.714285714286 0.678571428571 0.75
0.75 0.785714285714 0.75 0.75
0.8125 0.714285714286 0.821428571429 0.75
0.875 0.785714285714 0.892857142857 0.75
0.9375 0.714285714286 0.964285714286 0.75
0.0 0.857142857143 0.0 0.8125
0.0625 0.785714285714 0.0714285714286 0.8125
0.125 0.857142857143 0.142857142857 0.8125
0.1875 0.785714285714 0.214285714286 0.8125
0.3125 0.785714285714 0.285714285714 0.8125
0.375 0.857142857143 0.357142857143 0.8125
0.4375 0.857142857143 0.428571428571 0.8125
0.5 0.785714285714 0.5 0.8125
0.5625 0.785714285714 0.571428571429 0.8125
0.625 0.857142857143 0.642857142857 0.8125
0.6875 0.785714285714 0.714285714286 0.8125
0.8125 0.785714285714 0.785714285714 0.8125
0.875 0.857142857143 0.857142857143 0.8125
0.9375 0.785714285714 0.928571428571 0.8125
0.0 0.928571428571 0.0357142857143 0.875
0.0625 0.857142857143 0.107142857143 0.875
0.1875 0.857142857143 0.178571428571 0.875
0.25 0.857142857143 0.25 0.875
0.3125 0.857142857143 0.321428571429 0.875
0.375 0.928571428571 0.392857142857 0.875
0.5 0.857142857143 0.464285714286 0.875
0.5625 0.928571428571 0.535714285714 0.875
0.5625 0.857142857143 0.607142857143 0.875
0.6875 0.857142857143 0.678571428571 0.875
0.75 0.857142857143 0.75 0.875
0.8125 0.857142857143 0.821428571429 0.875
0.875 0.928571428571 0.892857142857 0.875
0.9375 0.857142857143 0.964285714286 0.875
0.0 0.0 0.0 -0.0625
0.0625 0.928571428571 0.0714285714286 0.9375
0.125 0.928571428571 0.142857142857 0.9375
0.1875 0.928571428571 0.214285714286 0.9375
0.25 0.928571428571 0.285714285714 0.9375
0.3125 0.928571428571 0.357142857143 0.9375
0.4375 0.928571428571 0.428571428571 0.9375
0.5 0.928571428571 0.5 0.9375
0.5625 0.0 0.571428571429 -0.0625
0.625 0.928571428571 0.642857142857 0.9375
0.6875 0.928571428571 0.714285714286 0.9375
0.75 0.928571428571 0.785714285714 0.9375
0.8125 0.928571428571 0.857142857143 0.9375
0.9375 0.928571428571 0.928571428571 0.9375
