0.0 0.0 0.0227272727273 0.0
0.0416666666667 0.0 0.0681818181818 0.0
0.125 0.0 0.113636363636 0.0
0.166666666667 0.0 0.159090909091 0.0
0.208333333333 0.0 0.204545454545 0.0
0.25 0.0 0.25 0.0
0.291666666667 0.0 0.295454545455 0.0
0.333333333333 0.0 0.340909090909 0.0
0.375 0.0 0.386363636364 0.0
0.416666666667 0.0 0.431818181818 0.0
0.458333333333 0.0 0.477272727273 0.0
0.5 0.0 0.522727272727 0.0
0.541666666667 0.0 0.568181818182 0.0
0.625 0.0 0.613636363636 0.0
0.666666666667 0.0 0.659090909091 0.0
0.708333333333 0.0 0.704545454545 0.0
0.75 0.0 0.75 0.0
0.791666666667 0.0 0.795454545455 0.0
0.833333333333 0.0 0.840909090909 0.0
0.875 0.0 0.886363636364 0.0
0.916666666667 0.0 0.931818181818 0.0
0.958333333333 0.0 0.977272727273 0.0
0.0 0.0454545454545 0.0 0.0416666666667
0.0416666666667 0.0454545454545 0.0454545454545 0.0416666666667
0.0833333333333 0.0454545454545 0.0909090909091 0.0416666666667
0.125 0.0454545454545 0.136363636364 0.0416666666667
0.166666666667 0.0454545454545 0.181818181818 0.0416666666667
0.25 0.0454545454545 0.227272727273 0.0416666666667
0.291666666667 0.0454545454545 0.272727272727 0.0416666666667
0.333333333333 0.0454545454545 0.318181818182 0.0416666666667
0.375 0.0454545454545 0.363636363636 0.0416666666667
0.416666666667 0.0454545454545 0.409090909091 0.0416666666667
0.458333333333 0.0454545454545 0.454545454545 0.0416666666667
0.5 0.0454545454545 0.5 0.0416666666667
0.541666666667 0.0454545454545 0.545454545455 0.0416666666667
0.583333333333 0.0454545454545 0.590909090909 0.0416666666667
0.625 0.0454545454545 0.636363636364 0.0416666666667
0.666666666667 0.0454545454545 0.681818181818 0.0416666666667
0.75 0.0454545454545 0.727272727273 0.0416666666667
0.791666666667 0.0454545454545 0.772727272727 0.0416666666667
0.833333333333 0.0454545454545 0.818181818182 0.0416666666667
0.875 0.0454545454545 0.863636363636 0.0416666666667
0.916666666667 0.0454545454545 0.909090909091 0.0416666666667
0.958333333333 0.0454545454545 0.954545454545 0.0416666666667
0.0 0.0909090909091 0.0227272727273 0.0833333333333
0.0416666666667 0.0909090909091 0.0681818181818 0.0833333333333
0.125 0.0909090909091 0.113636363636 0.0833333333333
0.166666666667 0.0909090909091 0.159090909091 0.0833333333333
0.208333333333 0.0454545454545 0.204545454545 0.0833333333333
0.25 0.0909090909091 0.25 0.0833333333333
0.291666666667 0.0909090909091 0.295454545455 0.0833333333333
0.333333333333 0.0909090909091 0.340909090909 0.0833333333333
0.375 0.0909090909091 0.386363636364 0.0833333333333
0.416666666667 0.0909090909091 0.431818181818 0.0833333333333
0.5 0.0909090909091 0.477272727273 0.0833333333333
0.541666666667 0.0909090909091 0.522727272727 0.0833333333333
0.583333333333 0.0909090909091 0.568181818182 0.0833333333333
0.625 0.0909090909091 0.613636363636 0.0833333333333
0.666666666667 0.0909090909091 0.659090909091 0.0833333333333
0.708333333333 0.0454545454545 0.704545454545 0.0833333333333
0.75 0.0909090909091 0.75 0.0833333333333
0.791666666667 0.0909090909091 0.795454545455 0.0833333333333
0.833333333333 0.0909090909091 0.840909090909 0.0833333333333
0.875 0.0909090909091 0.886363636364 0.0833333333333
0.916666666667 0.0909090909091 0.931818181818 0.0833333333333
0.958333333333 0.0909090909091 0.977272727273 0.0833333333333
0.0 0.136363636364 0.0 0.125
0.0416666666667 0.136363636364 0.0454545454545 0.125
0.0833333333333 0.0909090909091 0.0909090909091 0.125
0.125 0.136363636364 0.136363636364 0.125
0.166666666667 0.136363636364 0.181818181818 0.125
0.208333333333 0.0909090909091 0.227272727273 0.125
0.25 0.136363636364 0.272727272727 0.125
0.333333333333 0.136363636364 0.318181818182 0.125
0.375 0.136363636364 0.363636363636 0.125
0.416666666667 0.136363636364 0.409090909091 0.125
0.458333333333 0.0909090909091 0.454545454545 0.125
0.5 0.136363636364 0.5 0.125
0.541666666667 0.136363636364 0.545454545455 0.125
0.583333333333 0.136363636364 0.590909090909 0.125
0.625 0.136363636364 0.636363636364 0.125
0.666666666667 0.136363636364 0.681818181818 0.125
0.708333333333 0.0909090909091 0.727272727273 0.125
0.75 0.136363636364 0.772727272727 0.125
0.791666666667 0.136363636364 0.818181818182 0.125
0.875 0.136363636364 0.863636363636 0.125
0.916666666667 0.136363636364 0.909090909091 0.125
0.958333333333 0.136363636364 0.954545454545 0.125
0.0416666666667 0.181818181818 0.0227272727273 0.166666666667
0.0833333333333 0.136363636364 0.0681818181818 0.166666666667
0.125 0.181818181818 0.113636363636 0.166666666667
0.166666666667 0.181818181818 0.159090909091 0.166666666667
0.208333333333 0.136363636364 0.204545454545 0.166666666667
0.25 0.181818181818 0.25 0.166666666667
0.291666666667 0.136363636364 0.295454545455 0.166666666667
0.333333333333 0.181818181818 0.340909090909 0.166666666667
0.375 0.181818181818 0.386363636364 0.166666666667
0.416666666667 0.181818181818 0.431818181818 0.166666666667
0.458333333333 0.136363636364 0.477272727273 0.166666666667
0.5 0.181818181818 0.522727272727 0.166666666667
0.541666666667 0.181818181818 0.568181818182 0.166666666667
0.625 0.181818181818 0.613636363636 0.166666666667
0.666666666667 0.181818181818 0.659090909091 0.166666666667
0.708333333333 0.136363636364 0.704545454545 0.166666666667
0.75 0.181818181818 0.75 0.166666666667
0.791666666667 0.181818181818 0.795454545455 0.166666666667
0.833333333333 0.136363636364 0.840909090909 0.166666666667
0.875 0.181818181818 0.886363636364 0.166666666667
0.916666666667 0.181818181818 0.931818181818 0.166666666667
0.0 0.181818181818 -0.0227272727273 0.166666666667
0.0 0.227272727273 0.0 0.208333333333
0.0416666666667 0.227272727273 0.0454545454545 0.208333333333
0.0833333333333 0.181818181818 0.0909090909091 0.208333333333
0.125 0.227272727273 0.136363636364 0.208333333333
0.208333333333 0.227272727273 0.181818181818 0.208333333333
0.208333333333 0.181818181818 0.227272727273 0.208333333333
0.291666666667 0.181818181818 0.272727272727 0.208333333333
0.333333333333 0.227272727273 0.318181818182 0.208333333333
0.375 0.227272727273 0.363636363636 0.208333333333
0.416666666667 0.227272727273 0.409090909091 0.208333333333
0.458333333333 0.181818181818 0.454545454545 0.208333333333
0.5 0.227272727273 0.5 0.208333333333
0.541666666667 0.227272727273 0.545454545455 0.208333333333
0.583333333333 0.181818181818 0.590909090909 0.208333333333
0.625 0.227272727273 0.636363636364 0.208333333333
0.666666666667 0.227272727273 0.681818181818 0.208333333333
0.708333333333 0.181818181818 0.727272727273 0.208333333333
0.75 0.227272727273 0.772727272727 0.208333333333
0.833333333333 0.181818181818 0.818181818182 0.208333333333
0.875 0.227272727273 0.863636363636 0.208333333333
0.916666666667 0.227272727273 0.909090909091 0.208333333333
0.958333333333 0.181818181818 0.954545454545 0.208333333333
0.0416666666667 0.272727272727 0.0227272727273 0.25
0.0833333333333 0.227272727273 0.0681818181818 0.25
0.125 0.272727272727 0.113636363636 0.25
0.166666666667 0.227272727273 0.159090909091 0.25
0.208333333333 0.272727272727 0.204545454545 0.25
0.25 0.227272727273 0.25 0.25
0.291666666667 0.227272727273 0.295454545455 0.25
0.333333333333 0.272727272727 0.340909090909 0.25
0.375 0.272727272727 0.386363636364 0.25
0.416666666667 0.272727272727 0.431818181818 0.25
0.458333333333 0.227272727273 0.477272727273 0.25
0.5 0.272727272727 0.522727272727 0.25
0.583333333333 0.227272727273 0.568181818182 0.25
0.583333333333 0.272727272727 0.613636363636 0.25
0.666666666667 0.272727272727 0.659090909091 0.25
0.708333333333 0.227272727273 0.704545454545 0.25
0.75 0.272727272727 0.75 0.25
0.791666666667 0.227272727273 0.795454545455 0.25
0.833333333333 0.227272727273 0.840909090909 0.25
0.875 0.272727272727 0.886363636364 0.25
0.958333333333 0.227272727273 0.931818181818 0.25
0.0 0.272727272727 -0.0227272727273 0.25
0.0 0.318181818182 0.0 0.291666666667
0.0416666666667 0.318181818182 0.0454545454545 0.291666666667
0.0833333333333 0.272727272727 0.0909090909091 0.291666666667
0.125 0.318181818182 0.136363636364 0.291666666667
0.166666666667 0.272727272727 0.181818181818 0.291666666667
0.208333333333 0.318181818182 0.227272727273 0.291666666667
0.25 0.272727272727 0.272727272727 0.291666666667
0.291666666667 0.272727272727 0.318181818182 0.291666666667
0.333333333333 0.318181818182 0.363636363636 0.291666666667
0.416666666667 0.318181818182 0.409090909091 0.291666666667
0.458333333333 0.272727272727 0.454545454545 0.291666666667
0.5 0.318181818182 0.5 0.291666666667
0.541666666667 0.272727272727 0.545454545455 0.291666666667
0.583333333333 0.318181818182 0.590909090909 0.291666666667
0.625 0.272727272727 0.636363636364 0.291666666667
0.708333333333 0.318181818182 0.681818181818 0.291666666667
0.708333333333 0.272727272727 0.727272727273 0.291666666667
0.791666666667 0.272727272727 0.772727272727 0.291666666667
0.833333333333 0.272727272727 0.818181818182 0.291666666667
0.833333333333 0.318181818182 0.863636363636 0.291666666667
0.916666666667 0.272727272727 0.909090909091 0.291666666667
0.958333333333 0.272727272727 0.954545454545 0.291666666667
0.0416666666667 0.363636363636 0.0227272727273 0.333333333333
0.0833333333333 0.318181818182 0.0681818181818 0.333333333333
0.125 0.363636363636 0.113636363636 0.333333333333
0.166666666667 0.318181818182 0.159090909091 0.333333333333
0.208333333333 0.363636363636 0.204545454545 0.333333333333
0.25 0.318181818182 0.25 0.333333333333
0.291666666667 0.318181818182 0.295454545455 0.333333333333
0.333333333333 0.363636363636 0.340909090909 0.333333333333
0.375 0.318181818182 0.386363636364 0.333333333333
0.416666666667 0.363636363636 0.431818181818 0.333333333333
0.458333333333 0.318181818182 0.477272727273 0.333333333333
0.5 0.363636363636 0.522727272727 0.333333333333
0.541666666667 0.318181818182 0.568181818182 0.333333333333
0.625 0.318181818182 0.613636363636 0.333333333333
0.666666666667 0.318181818182 0.659090909091 0.333333333333
0.708333333333 0.363636363636 0.704545454545 0.333333333333
0.75 0.318181818182 0.75 0.333333333333
0.791666666667 0.318181818182 0.795454545455 0.333333333333
0.833333333333 0.363636363636 0.840909090909 0.333333333333
0.875 0.318181818182 0.886363636364 0.333333333333
0.916666666667 0.318181818182 0.931818181818 0.333333333333
0.958333333333 0.318181818182 0.977272727273 0.333333333333
0.0 0.363636363636 0.0 0.375
0.0416666666667 0.409090909091 0.0454545454545 0.375
0.0833333333333 0.363636363636 0.0909090909091 0.375
0.125 0.409090909091 0.136363636364 0.375
0.166666666667 0.363636363636 0.181818181818 0.375
0.208333333333 0.409090909091 0.227272727273 0.375
0.25 0.363636363636 0.272727272727 0.375
0.291666666667 0.363636363636 0.318181818182 0.375
0.375 0.363636363636 0.363636363636 0.375
0.416666666667 0.409090909091 0.409090909091 0.375
0.458333333333 0.363636363636 0.454545454545 0.375
0.5 0.409090909091 0.5 0.375
0.541666666667 0.363636363636 0.545454545455 0.375
0.583333333333 0.363636363636 0.590909090909 0.375
0.625 0.363636363636 0.636363636364 0.375
0.666666666667 0.363636363636 0.681818181818 0.375
0.75 0.363636363636 0.727272727273 0.375
0.791666666667 0.409090909091 0.772727272727 0.375
0.791666666667 0.363636363636 0.818181818182 0.375
0.875 0.363636363636 0.863636363636 0.375
0.916666666667 0.363636363636 0.909090909091 0.375
0.958333333333 0.363636363636 0.954545454545 0.375
0.0 0.409090909091 0.0227272727273 0.416666666667
0.0833333333333 0.454545454545 0.0681818181818 0.416666666667
0.0833333333333 0.409090909091 0.113636363636 0.416666666667
0.166666666667 0.409090909091 0.159090909091 0.416666666667
0.208333333333 0.454545454545 0.204545454545 0.416666666667
0.25 0.409090909091 0.25 0.416666666667
0.291666666667 0.409090909091 0.295454545455 0.416666666667
0.333333333333 0.409090909091 0.340909090909 0.416666666667
0.375 0.409090909091 0.386363636364 0.416666666667
0.416666666667 0.454545454545 0.431818181818 0.416666666667
0.458333333333 0.409090909091 0.477272727273 0.416666666667
0.541666666667 0.409090909091 0.522727272727 0.416666666667
0.583333333333 0.409090909091 0.568181818182 0.416666666667
0.625 0.409090909091 0.613636363636 0.416666666667
0.666666666667 0.409090909091 0.659090909091 0.416666666667
0.708333333333 0.409090909091 0.704545454545 0.416666666667
0.75 0.409090909091 0.75 0.416666666667
0.791666666667 0.454545454545 0.795454545455 0.416666666667
0.833333333333 0.409090909091 0.840909090909 0.416666666667
0.875 0.409090909091 0.886363636364 0.416666666667
0.916666666667 0.409090909091 0.931818181818 0.416666666667
0.958333333333 0.409090909091 0.977272727273 0.416666666667
0.0 0.454545454545 0.0 0.458333333333
0.0416666666667 0.454545454545 0.0454545454545 0.458333333333
0.0833333333333 0.5 0.0909090909091 0.458333333333
0.125 0.454545454545 0.136363636364 0.458333333333
0.166666666667 0.454545454545 0.181818181818 0.458333333333
0.25 0.454545454545 0.227272727273 0.458333333333
0.291666666667 0.454545454545 0.272727272727 0.458333333333
0.333333333333 0.454545454545 0.318181818182 0.458333333333
0.375 0.454545454545 0.363636363636 0.458333333333
0.416666666667 0.5 0.409090909091 0.458333333333
0.458333333333 0.454545454545 0.454545454545 0.458333333333
0.5 0.454545454545 0.5 0.458333333333
0.541666666667 0.454545454545 0.545454545455 0.458333333333
0.583333333333 0.454545454545 0.590909090909 0.458333333333
0.625 0.454545454545 0.636363636364 0.458333333333
0.666666666667 0.454545454545 0.681818181818 0.458333333333
0.708333333333 0.454545454545 0.727272727273 0.458333333333
0.75 0.454545454545 0.772727272727 0.458333333333
0.833333333333 0.454545454545 0.818181818182 0.458333333333
0.875 0.454545454545 0.863636363636 0.458333333333
0.916666666667 0.454545454545 0.909090909091 0.458333333333
0.958333333333 0.454545454545 0.954545454545 0.458333333333
0.0 0.5 0.0227272727273 0.5
0.0416666666667 0.5 0.0681818181818 0.5
0.125 0.5 0.113636363636 0.5
0.166666666667 0.5 0.159090909091 0.5
0.208333333333 0.5 0.204545454545 0.5
0.25 0.5 0.25 0.5
0.291666666667 0.5 0.295454545455 0.5
0.333333333333 0.5 0.340909090909 0.5
0.375 0.5 0.386363636364 0.5
0.458333333333 0.5 0.431818181818 0.5
0.5 0.5 0.477272727273 0.5
0.541666666667 0.5 0.522727272727 0.5
0.583333333333 0.5 0.568181818182 0.5
0.625 0.5 0.613636363636 0.5
0.666666666667 0.5 0.659090909091 0.5
0.708333333333 0.5 0.704545454545 0.5
0.75 0.5 0.75 0.5
0.791666666667 0.5 0.795454545455 0.5
0.833333333333 0.5 0.840909090909 0.5
0.875 0.5 0.886363636364 0.5
0.916666666667 0.5 0.931818181818 0.5
0.958333333333 0.5 0.977272727273 0.5
0.0 0.545454545455 0.0 0.541666666667
0.0416666666667 0.545454545455 0.0454545454545 0.541666666667
0.0833333333333 0.545454545455 0.0909090909091 0.541666666667
0.125 0.545454545455 0.136363636364 0.541666666667
0.166666666667 0.545454545455 0.181818181818 0.541666666667
0.25 0.545454545455 0.227272727273 0.541666666667
0.291666666667 0.545454545455 0.272727272727 0.541666666667
0.333333333333 0.545454545455 0.318181818182 0.541666666667
0.375 0.545454545455 0.363636363636 0.541666666667
0.416666666667 0.545454545455 0.409090909091 0.541666666667
0.458333333333 0.545454545455 0.454545454545 0.541666666667
0.5 0.545454545455 0.5 0.541666666667
0.541666666667 0.545454545455 0.545454545455 0.541666666667
0.583333333333 0.545454545455 0.590909090909 0.541666666667
0.625 0.545454545455 0.636363636364 0.541666666667
0.666666666667 0.545454545455 0.681818181818 0.541666666667
0.708333333333 0.545454545455 0.727272727273 0.541666666667
0.75 0.545454545455 0.772727272727 0.541666666667
0.833333333333 0.545454545455 0.818181818182 0.541666666667
0.875 0.545454545455 0.863636363636 0.541666666667
0.916666666667 0.545454545455 0.909090909091 0.541666666667
0.958333333333 0.545454545455 0.954545454545 0.541666666667
0.0 0.590909090909 0.0227272727273 0.583333333333
0.0833333333333 0.590909090909 0.0681818181818 0.583333333333
0.125 0.590909090909 0.113636363636 0.583333333333
0.166666666667 0.590909090909 0.159090909091 0.583333333333
0.208333333333 0.545454545455 0.204545454545 0.583333333333
0.25 0.590909090909 0.25 0.583333333333
0.291666666667 0.590909090909 0.295454545455 0.583333333333
0.333333333333 0.590909090909 0.340909090909 0.583333333333
0.375 0.590909090909 0.386363636364 0.583333333333
0.416666666667 0.590909090909 0.431818181818 0.583333333333
0.458333333333 0.590909090909 0.477272727273 0.583333333333
0.5 0.590909090909 0.522727272727 0.583333333333
0.583333333333 0.590909090909 0.568181818182 0.583333333333
0.625 0.590909090909 0.613636363636 0.583333333333
0.666666666667 0.590909090909 0.659090909091 0.583333333333
0.708333333333 0.590909090909 0.704545454545 0.583333333333
0.75 0.590909090909 0.75 0.583333333333
0.791666666667 0.545454545455 0.795454545455 0.583333333333
0.833333333333 0.590909090909 0.840909090909 0.583333333333
0.875 0.590909090909 0.886363636364 0.583333333333
0.916666666667 0.590909090909 0.931818181818 0.583333333333
0.958333333333 0.590909090909 0.977272727273 0.583333333333
0.0 0.636363636364 0.0 0.625
0.0416666666667 0.590909090909 0.0454545454545 0.625
0.0833333333333 0.636363636364 0.0909090909091 0.625
0.125 0.636363636364 0.136363636364 0.625
0.166666666667 0.636363636364 0.181818181818 0.625
0.208333333333 0.590909090909 0.227272727273 0.625
0.25 0.636363636364 0.272727272727 0.625
0.291666666667 0.636363636364 0.318181818182 0.625
0.375 0.636363636364 0.363636363636 0.625
0.416666666667 0.636363636364 0.409090909091 0.625
0.458333333333 0.636363636364 0.454545454545 0.625
0.5 0.636363636364 0.5 0.625
0.541666666667 0.590909090909 0.545454545455 0.625
0.583333333333 0.636363636364 0.590909090909 0.625
0.625 0.636363636364 0.636363636364 0.625
0.708333333333 0.636363636364 0.681818181818 0.625
0.75 0.636363636364 0.727272727273 0.625
0.791666666667 0.590909090909 0.772727272727 0.625
0.791666666667 0.636363636364 0.818181818182 0.625
0.875 0.636363636364 0.863636363636 0.625
0.916666666667 0.636363636364 0.909090909091 0.625
0.958333333333 0.636363636364 0.954545454545 0.625
0.0416666666667 0.636363636364 0.0227272727273 0.666666666667
0.0833333333333 0.681818181818 0.0681818181818 0.666666666667
0.125 0.681818181818 0.113636363636 0.666666666667
0.166666666667 0.681818181818 0.159090909091 0.666666666667
0.208333333333 0.636363636364 0.204545454545 0.666666666667
0.25 0.681818181818 0.25 0.666666666667
0.291666666667 0.681818181818 0.295454545455 0.666666666667
0.333333333333 0.636363636364 0.340909090909 0.666666666667
0.375 0.681818181818 0.386363636364 0.666666666667
0.416666666667 0.681818181818 0.431818181818 0.666666666667
0.458333333333 0.681818181818 0.477272727273 0.666666666667
0.541666666667 0.636363636364 0.522727272727 0.666666666667
0.541666666667 0.681818181818 0.568181818182 0.666666666667
0.625 0.681818181818 0.613636363636 0.666666666667
0.666666666667 0.636363636364 0.659090909091 0.666666666667
0.708333333333 0.681818181818 0.704545454545 0.666666666667
0.75 0.681818181818 0.75 0.666666666667
0.791666666667 0.681818181818 0.795454545455 0.666666666667
0.833333333333 0.636363636364 0.840909090909 0.666666666667
0.875 0.681818181818 0.886363636364 0.666666666667
0.916666666667 0.681818181818 0.931818181818 0.666666666667
0.958333333333 0.681818181818 0.977272727273 0.666666666667
0.0 0.681818181818 0.0 0.708333333333
0.0416666666667 0.681818181818 0.0454545454545 0.708333333333
0.0833333333333 0.727272727273 0.0909090909091 0.708333333333
0.125 0.727272727273 0.136363636364 0.708333333333
0.166666666667 0.727272727273 0.181818181818 0.708333333333
0.208333333333 0.681818181818 0.227272727273 0.708333333333
0.25 0.727272727273 0.272727272727 0.708333333333
0.333333333333 0.681818181818 0.318181818182 0.708333333333
0.375 0.727272727273 0.363636363636 0.708333333333
0.416666666667 0.727272727273 0.409090909091 0.708333333333
0.458333333333 0.727272727273 0.454545454545 0.708333333333
0.5 0.681818181818 0.5 0.708333333333
0.541666666667 0.727272727273 0.545454545455 0.708333333333
0.583333333333 0.681818181818 0.590909090909 0.708333333333
0.625 0.727272727273 0.636363636364 0.708333333333
0.666666666667 0.681818181818 0.681818181818 0.708333333333
0.708333333333 0.727272727273 0.727272727273 0.708333333333
0.75 0.727272727273 0.772727272727 0.708333333333
0.833333333333 0.727272727273 0.818181818182 0.708333333333
0.833333333333 0.681818181818 0.863636363636 0.708333333333
0.916666666667 0.727272727273 0.909090909091 0.708333333333
0.958333333333 0.727272727273 0.954545454545 0.708333333333
0.0416666666667 0.727272727273 0.0227272727273 0.75
0.0833333333333 0.772727272727 0.0681818181818 0.75
0.125 0.772727272727 0.113636363636 0.75
0.166666666667 0.772727272727 0.159090909091 0.75
0.208333333333 0.727272727273 0.204545454545 0.75
0.25 0.772727272727 0.25 0.75
0.291666666667 0.727272727273 0.295454545455 0.75
0.333333333333 0.727272727273 0.340909090909 0.75
0.375 0.772727272727 0.386363636364 0.75
0.416666666667 0.772727272727 0.431818181818 0.75
0.458333333333 0.772727272727 0.477272727273 0.75
0.5 0.727272727273 0.522727272727 0.75
0.583333333333 0.727272727273 0.568181818182 0.75
0.625 0.772727272727 0.613636363636 0.75
0.666666666667 0.727272727273 0.659090909091 0.75
0.708333333333 0.772727272727 0.704545454545 0.75
0.75 0.772727272727 0.75 0.75
0.791666666667 0.727272727273 0.795454545455 0.75
0.833333333333 0.772727272727 0.840909090909 0.75
0.875 0.727272727273 0.886363636364 0.75
0.916666666667 0.772727272727 0.931818181818 0.75
0.0 0.727272727273 -0.0227272727273 0.75
0.0 0.772727272727 0.0 0.791666666667
0.0416666666667 0.772727272727 0.0454545454545 0.791666666667
0.0833333333333 0.818181818182 0.0909090909091 0.791666666667
0.125 0.818181818182 0.136363636364 0.791666666667
0.166666666667 0.818181818182 0.181818181818 0.791666666667
0.208333333333 0.772727272727 0.227272727273 0.791666666667
0.291666666667 0.772727272727 0.272727272727 0.791666666667
0.333333333333 0.772727272727 0.318181818182 0.791666666667
0.333333333333 0.818181818182 0.363636363636 0.791666666667
0.416666666667 0.818181818182 0.409090909091 0.791666666667
0.458333333333 0.818181818182 0.454545454545 0.791666666667
0.5 0.772727272727 0.5 0.791666666667
0.541666666667 0.772727272727 0.545454545455 0.791666666667
0.583333333333 0.772727272727 0.590909090909 0.791666666667
0.625 0.818181818182 0.636363636364 0.791666666667
0.666666666667 0.772727272727 0.681818181818 0.791666666667
0.708333333333 0.818181818182 0.727272727273 0.791666666667
0.791666666667 0.772727272727 0.772727272727 0.791666666667
0.833333333333 0.818181818182 0.818181818182 0.791666666667
0.875 0.772727272727 0.863636363636 0.791666666667
0.916666666667 0.818181818182 0.909090909091 0.791666666667
0.958333333333 0.772727272727 0.954545454545 0.791666666667
0.0 0.818181818182 0.0227272727273 0.833333333333
0.0416666666667 0.818181818182 0.0681818181818 0.833333333333
0.125 0.863636363636 0.113636363636 0.833333333333
0.166666666667 0.863636363636 0.159090909091 0.833333333333
0.208333333333 0.818181818182 0.204545454545 0.833333333333
0.25 0.818181818182 0.25 0.833333333333
0.291666666667 0.818181818182 0.295454545455 0.833333333333
0.333333333333 0.863636363636 0.340909090909 0.833333333333
0.375 0.818181818182 0.386363636364 0.833333333333
0.458333333333 0.863636363636 0.431818181818 0.833333333333
0.5 0.818181818182 0.477272727273 0.833333333333
0.541666666667 0.818181818182 0.522727272727 0.833333333333
0.583333333333 0.818181818182 0.568181818182 0.833333333333
0.625 0.863636363636 0.613636363636 0.833333333333
0.666666666667 0.818181818182 0.659090909091 0.833333333333
0.708333333333 0.863636363636 0.704545454545 0.833333333333
0.75 0.818181818182 0.75 0.833333333333
0.791666666667 0.818181818182 0.795454545455 0.833333333333
0.833333333333 0.863636363636 0.840909090909 0.833333333333
0.875 0.818181818182 0.886363636364 0.833333333333
0.916666666667 0.863636363636 0.931818181818 0.833333333333
0.958333333333 0.818181818182 0.977272727273 0.833333333333
0.0 0.863636363636 0.0 0.875
0.0416666666667 0.863636363636 0.0454545454545 0.875
0.0833333333333 0.863636363636 0.0909090909091 0.875
0.125 0.909090909091 0.136363636364 0.875
0.208333333333 0.863636363636 0.181818181818 0.875
0.208333333333 0.909090909091 0.227272727273 0.875
0.25 0.863636363636 0.272727272727 0.875
0.291666666667 0.863636363636 0.318181818182 0.875
0.375 0.863636363636 0.363636363636 0.875
0.416666666667 0.863636363636 0.409090909091 0.875
0.458333333333 0.909090909091 0.454545454545 0.875
0.5 0.863636363636 0.5 0.875
0.541666666667 0.863636363636 0.545454545455 0.875
0.583333333333 0.863636363636 0.590909090909 0.875
0.625 0.909090909091 0.636363636364 0.875
0.666666666667 0.863636363636 0.681818181818 0.875
0.75 0.863636363636 0.727272727273 0.875
0.791666666667 0.909090909091 0.772727272727 0.875
0.791666666667 0.863636363636 0.818181818182 0.875
0.875 0.863636363636 0.863636363636 0.875
0.916666666667 0.909090909091 0.909090909091 0.875
0.958333333333 0.863636363636 0.954545454545 0.875
0.0416666666667 0.909090909091 0.0227272727273 0.916666666667
0.0833333333333 0.954545454545 0.0681818181818 0.916666666667
0.0833333333333 0.909090909091 0.113636363636 0.916666666667
0.166666666667 0.909090909091 0.159090909091 0.916666666667
0.208333333333 0.954545454545 0.204545454545 0.916666666667
0.25 0.909090909091 0.25 0.916666666667
0.291666666667 0.909090909091 0.295454545455 0.916666666667
0.333333333333 0.909090909091 0.340909090909 0.916666666667
0.375 0.909090909091 0.386363636364 0.916666666667
0.416666666667 0.909090909091 0.431818181818 0.916666666667
0.5 0.909090909091 0.477272727273 0.916666666667
0.541666666667 0.909090909091 0.522727272727 0.916666666667
0.583333333333 0.954545454545 0.568181818182 0.916666666667
0.583333333333 0.909090909091 0.613636363636 0.916666666667
0.666666666667 0.909090909091 0.659090909091 0.916666666667
0.708333333333 0.909090909091 0.704545454545 0.916666666667
0.75 0.909090909091 0.75 0.916666666667
0.791666666667 0.954545454545 0.795454545455 0.916666666667
0.833333333333 0.909090909091 0.840909090909 0.916666666667
0.875 0.909090909091 0.886363636364 0.916666666667
0.958333333333 0.909090909091 0.931818181818 0.916666666667
0.0 0.909090909091 -0.0227272727273 0.916666666667
0.0 0.954545454545 0.0 0.958333333333
0.0416666666667 0.954545454545 0.0454545454545 0.958333333333
0.0833333333333 0.0 0.0909090909091 -0.0416666666667
0.125 0.954545454545 0.136363636364 0.958333333333
0.166666666667 0.954545454545 0.181818181818 0.958333333333
0.25 0.954545454545 0.227272727273 0.958333333333
0.291666666667 0.954545454545 0.272727272727 0.958333333333
0.333333333333 0.954545454545 0.318181818182 0.958333333333
0.375 0.954545454545 0.363636363636 0.958333333333
0.416666666667 0.954545454545 0.409090909091 0.958333333333
0.458333333333 0.954545454545 0.454545454545 0.958333333333
0.5 0.954545454545 0.5 0.958333333333
0.541666666667 0.954545454545 0.545454545455 0.958333333333
0.583333333333 0.0 0.590909090909 -0.0416666666667
0.625 0.954545454545 0.636363636364 0.958333333333
0.666666666667 0.954545454545 0.681818181818 0.958333333333
0.708333333333 0.954545454545 0.727272727273 0.958333333333
0.75 0.954545454545 0.772727272727 0.958333333333
0.833333333333 0.954545454545 0.818181818182 0.958333333333
0.875 0.954545454545 0.863636363636 0.958333333333
0.916666666667 0.954545454545 0.909090909091 0.958333333333
0.958333333333 0.954545454545 0.954545454545 0.958333333333
