0.0 0.0 0.0192307692308 0.0
0.0357142857143 0.0 0.0576923076923 0.0
0.0714285714286 0.0 0.0961538461538 0.0
0.142857142857 0.0 0.134615384615 0.0
0.178571428571 0.0 0.173076923077 0.0
0.214285714286 0.0 0.211538461538 0.0
0.25 0.0 0.25 0.0
0.285714285714 0.0 0.288461538462 0.0
0.321428571429 0.0 0.326923076923 0.0
0.357142857143 0.0 0.365384615385 0.0
0.428571428571 0.0 0.403846153846 0.0
0.464285714286 0.0 0.442307692308 0.0
0.5 0.0 0.480769230769 0.0
0.535714285714 0.0 0.519230769231 0.0
0.571428571429 0.0 0.557692307692 0.0
0.607142857143 0.0 0.596153846154 0.0
0.642857142857 0.0 0.634615384615 0.0
0.678571428571 0.0 0.673076923077 0.0
0.714285714286 0.0 0.711538461538 0.0
0.75 0.0 0.75 0.0
0.785714285714 0.0 0.788461538462 0.0
0.821428571429 0.0 0.826923076923 0.0
0.857142857143 0.0 0.865384615385 0.0
0.892857142857 0.0 0.903846153846 0.0
0.928571428571 0.0 0.942307692308 0.0
0.964285714286 0.0 0.980769230769 0.0
0.0 0.0384615384615 0.0 0.0357142857143
0.0357142857143 0.0384615384615 0.0384615384615 0.0357142857143
0.0714285714286 0.0384615384615 0.0769230769231 0.0357142857143
0.107142857143 0.0 0.115384615385 0.0357142857143
0.142857142857 0.0384615384615 0.153846153846 0.0357142857143
0.178571428571 0.0384615384615 0.192307692308 0.0357142857143
0.214285714286 0.0384615384615 0.230769230769 0.0357142857143
0.25 0.0384615384615 0.269230769231 0.0357142857143
0.285714285714 0.0384615384615 0.307692307692 0.0357142857143
0.357142857143 0.0384615384615 0.346153846154 0.0357142857143
0.392857142857 0.0 0.384615384615 0.0357142857143
0.428571428571 0.0384615384615 0.423076923077 0.0357142857143
0.464285714286 0.0384615384615 0.461538461538 0.0357142857143
0.5 0.0384615384615 0.5 0.0357142857143
0.535714285714 0.0384615384615 0.538461538462 0.0357142857143
0.571428571429 0.0384615384615 0.576923076923 0.0357142857143
0.607142857143 0.0384615384615 0.615384615385 0.0357142857143
0.642857142857 0.0384615384615 0.653846153846 0.0357142857143
0.678571428571 0.0384615384615 0.692307692308 0.0357142857143
0.714285714286 0.0384615384615 0.730769230769 0.0357142857143
0.75 0.0384615384615 0.769230769231 0.0357142857143
0.785714285714 0.0384615384615 0.807692307692 0.0357142857143
0.857142857143 0.0384615384615 0.846153846154 0.0357142857143
0.892857142857 0.0384615384615 0.884615384615 0.0357142857143
0.928571428571 0.0384615384615 0.923076923077 0.0357142857143
0.964285714286 0.0384615384615 0.961538461538 0.0357142857143
0.0357142857143 0.0769230769231 0.0192307692308 0.0714285714286
0.0714285714286 0.0769230769231 0.0576923076923 0.0714285714286
0.107142857143 0.0384615384615 0.0961538461538 0.0714285714286
0.142857142857 0.0769230769231 0.134615384615 0.0714285714286
0.178571428571 0.0769230769231 0.173076923077 0.0714285714286
0.214285714286 0.0769230769231 0.211538461538 0.0714285714286
0.25 0.0769230769231 0.25 0.0714285714286
0.285714285714 0.0769230769231 0.288461538462 0.0714285714286
0.321428571429 0.0384615384615 0.326923076923 0.0714285714286
0.357142857143 0.0769230769231 0.365384615385 0.0714285714286
0.392857142857 0.0384615384615 0.403846153846 0.0714285714286
0.464285714286 0.0769230769231 0.442307692308 0.0714285714286
0.5 0.0769230769231 0.480769230769 0.0714285714286
0.535714285714 0.0769230769231 0.519230769231 0.0714285714286
0.571428571429 0.0769230769231 0.557692307692 0.0714285714286
0.607142857143 0.0769230769231 0.596153846154 0.0714285714286
0.642857142857 0.0769230769231 0.634615384615 0.0714285714286
0.678571428571 0.0769230769231 0.673076923077 0.0714285714286
0.714285714286 0.0769230769231 0.711538461538 0.0714285714286
0.75 0.0769230769231 0.75 0.0714285714286
0.785714285714 0.0769230769231 0.788461538462 0.0714285714286
0.821428571429 0.0384615384615 0.826923076923 0.0714285714286
0.857142857143 0.0769230769231 0.865384615385 0.0714285714286
0.892857142857 0.0769230769231 0.903846153846 0.0714285714286
0.964285714286 0.0769230769231 0.942307692308 0.0714285714286
0.0 0.0769230769231 -0.0192307692308 0.0714285714286
0.0 0.115384615385 0.0 0.107142857143
0.0357142857143 0.115384615385 0.0384615384615 0.107142857143
0.0714285714286 0.115384615385 0.0769230769231 0.107142857143
0.107142857143 0.0769230769231 0.115384615385 0.107142857143
0.142857142857 0.115384615385 0.153846153846 0.107142857143
0.178571428571 0.115384615385 0.192307692308 0.107142857143
0.214285714286 0.115384615385 0.230769230769 0.107142857143
0.285714285714 0.115384615385 0.269230769231 0.107142857143
0.321428571429 0.115384615385 0.307692307692 0.107142857143
0.321428571429 0.0769230769231 0.346153846154 0.107142857143
0.392857142857 0.0769230769231 0.384615384615 0.107142857143
0.428571428571 0.0769230769231 0.423076923077 0.107142857143
0.464285714286 0.115384615385 0.461538461538 0.107142857143
0.5 0.115384615385 0.5 0.107142857143
0.535714285714 0.115384615385 0.538461538462 0.107142857143
0.571428571429 0.115384615385 0.576923076923 0.107142857143
0.607142857143 0.115384615385 0.615384615385 0.107142857143
0.642857142857 0.115384615385 0.653846153846 0.107142857143
0.678571428571 0.115384615385 0.692307692308 0.107142857143
0.714285714286 0.115384615385 0.730769230769 0.107142857143
0.785714285714 0.115384615385 0.769230769231 0.107142857143
0.821428571429 0.115384615385 0.807692307692 0.107142857143
0.821428571429 0.0769230769231 0.846153846154 0.107142857143
0.892857142857 0.115384615385 0.884615384615 0.107142857143
0.928571428571 0.0769230769231 0.923076923077 0.107142857143
0.964285714286 0.115384615385 0.961538461538 0.107142857143
0.0357142857143 0.153846153846 0.0192307692308 0.142857142857
0.0714285714286 0.153846153846 0.0576923076923 0.142857142857
0.107142857143 0.115384615385 0.0961538461538 0.142857142857
0.142857142857 0.153846153846 0.134615384615 0.142857142857
0.178571428571 0.153846153846 0.173076923077 0.142857142857
0.214285714286 0.153846153846 0.211538461538 0.142857142857
0.25 0.115384615385 0.25 0.142857142857
0.285714285714 0.153846153846 0.288461538462 0.142857142857
0.321428571429 0.153846153846 0.326923076923 0.142857142857
0.357142857143 0.115384615385 0.365384615385 0.142857142857
0.392857142857 0.115384615385 0.403846153846 0.142857142857
0.428571428571 0.115384615385 0.442307692308 0.142857142857
0.464285714286 0.153846153846 0.480769230769 0.142857142857
0.5 0.153846153846 0.519230769231 0.142857142857
0.571428571429 0.153846153846 0.557692307692 0.142857142857
0.607142857143 0.153846153846 0.596153846154 0.142857142857
0.642857142857 0.153846153846 0.634615384615 0.142857142857
0.678571428571 0.153846153846 0.673076923077 0.142857142857
0.714285714286 0.153846153846 0.711538461538 0.142857142857
0.75 0.115384615385 0.75 0.142857142857
0.785714285714 0.153846153846 0.788461538462 0.142857142857
0.821428571429 0.153846153846 0.826923076923 0.142857142857
0.857142857143 0.115384615385 0.865384615385 0.142857142857
0.892857142857 0.153846153846 0.903846153846 0.142857142857
0.928571428571 0.115384615385 0.942307692308 0.142857142857
0.964285714286 0.153846153846 0.980769230769 0.142857142857
0.0 0.153846153846 0.0 0.178571428571
0.0357142857143 0.192307692308 0.0384615384615 0.178571428571
0.0714285714286 0.192307692308 0.0769230769231 0.178571428571
0.107142857143 0.153846153846 0.115384615385 0.178571428571
0.142857142857 0.192307692308 0.153846153846 0.178571428571
0.178571428571 0.192307692308 0.192307692308 0.178571428571
0.25 0.153846153846 0.230769230769 0.178571428571
0.25 0.192307692308 0.269230769231 0.178571428571
0.321428571429 0.192307692308 0.307692307692 0.178571428571
0.357142857143 0.153846153846 0.346153846154 0.178571428571
0.392857142857 0.153846153846 0.384615384615 0.178571428571
0.428571428571 0.153846153846 0.423076923077 0.178571428571
0.464285714286 0.192307692308 0.461538461538 0.178571428571
0.5 0.192307692308 0.5 0.178571428571
0.535714285714 0.153846153846 0.538461538462 0.178571428571
0.571428571429 0.192307692308 0.576923076923 0.178571428571
0.607142857143 0.192307692308 0.615384615385 0.178571428571
0.642857142857 0.192307692308 0.653846153846 0.178571428571
0.678571428571 0.192307692308 0.692307692308 0.178571428571
0.75 0.153846153846 0.730769230769 0.178571428571
0.75 0.192307692308 0.769230769231 0.178571428571
0.821428571429 0.192307692308 0.807692307692 0.178571428571
0.857142857143 0.153846153846 0.846153846154 0.178571428571
0.892857142857 0.192307692308 0.884615384615 0.178571428571
0.928571428571 0.153846153846 0.923076923077 0.178571428571
0.964285714286 0.192307692308 0.961538461538 0.178571428571
0.0 0.230769230769 0.0192307692308 0.214285714286
0.0714285714286 0.230769230769 0.0576923076923 0.214285714286
0.107142857143 0.192307692308 0.0961538461538 0.214285714286
0.142857142857 0.230769230769 0.134615384615 0.214285714286
0.178571428571 0.230769230769 0.173076923077 0.214285714286
0.214285714286 0.192307692308 0.211538461538 0.214285714286
0.25 0.230769230769 0.25 0.214285714286
0.285714285714 0.192307692308 0.288461538462 0.214285714286
0.321428571429 0.230769230769 0.326923076923 0.214285714286
0.357142857143 0.192307692308 0.365384615385 0.214285714286
0.392857142857 0.192307692308 0.403846153846 0.214285714286
0.428571428571 0.192307692308 0.442307692308 0.214285714286
0.464285714286 0.230769230769 0.480769230769 0.214285714286
0.535714285714 0.192307692308 0.519230769231 0.214285714286
0.571428571429 0.230769230769 0.557692307692 0.214285714286
0.607142857143 0.230769230769 0.596153846154 0.214285714286
0.642857142857 0.230769230769 0.634615384615 0.214285714286
0.678571428571 0.230769230769 0.673076923077 0.214285714286
0.714285714286 0.192307692308 0.711538461538 0.214285714286
0.75 0.230769230769 0.75 0.214285714286
0.785714285714 0.192307692308 0.788461538462 0.214285714286
0.821428571429 0.230769230769 0.826923076923 0.214285714286
0.857142857143 0.192307692308 0.865384615385 0.214285714286
0.892857142857 0.230769230769 0.903846153846 0.214285714286
0.928571428571 0.192307692308 0.942307692308 0.214285714286
0.0 0.192307692308 -0.0192307692308 0.214285714286
0.0 0.269230769231 0.0 0.25
0.0357142857143 0.230769230769 0.0384615384615 0.25
0.0714285714286 0.269230769231 0.0769230769231 0.25
0.107142857143 0.230769230769 0.115384615385 0.25
0.142857142857 0.269230769231 0.153846153846 0.25
0.178571428571 0.269230769231 0.192307692308 0.25
0.214285714286 0.230769230769 0.230769230769 0.25
0.285714285714 0.230769230769 0.269230769231 0.25
0.321428571429 0.269230769231 0.307692307692 0.25
0.357142857143 0.230769230769 0.346153846154 0.25
0.392857142857 0.230769230769 0.384615384615 0.25
0.428571428571 0.230769230769 0.423076923077 0.25
0.464285714286 0.269230769231 0.461538461538 0.25
0.5 0.230769230769 0.5 0.25
0.535714285714 0.230769230769 0.538461538462 0.25
0.571428571429 0.269230769231 0.576923076923 0.25
0.607142857143 0.269230769231 0.615384615385 0.25
0.642857142857 0.269230769231 0.653846153846 0.25
0.678571428571 0.269230769231 0.692307692308 0.25
0.714285714286 0.230769230769 0.730769230769 0.25
0.785714285714 0.230769230769 0.769230769231 0.25
0.785714285714 0.269230769231 0.807692307692 0.25
0.857142857143 0.230769230769 0.846153846154 0.25
0.892857142857 0.269230769231 0.884615384615 0.25
0.928571428571 0.230769230769 0.923076923077 0.25
0.964285714286 0.230769230769 0.961538461538 0.25
0.0357142857143 0.269230769231 0.0192307692308 0.285714285714
0.0357142857143 0.307692307692 0.0576923076923 0.285714285714
0.107142857143 0.269230769231 0.0961538461538 0.285714285714
0.142857142857 0.307692307692 0.134615384615 0.285714285714
0.178571428571 0.307692307692 0.173076923077 0.285714285714
0.214285714286 0.269230769231 0.211538461538 0.285714285714
0.25 0.269230769231 0.25 0.285714285714
0.285714285714 0.269230769231 0.288461538462 0.285714285714
0.321428571429 0.307692307692 0.326923076923 0.285714285714
0.357142857143 0.269230769231 0.365384615385 0.285714285714
0.392857142857 0.269230769231 0.403846153846 0.285714285714
0.428571428571 0.269230769231 0.442307692308 0.285714285714
0.5 0.269230769231 0.480769230769 0.285714285714
0.535714285714 0.269230769231 0.519230769231 0.285714285714
0.571428571429 0.307692307692 0.557692307692 0.285714285714
0.607142857143 0.307692307692 0.596153846154 0.285714285714
0.642857142857 0.307692307692 0.634615384615 0.285714285714
0.678571428571 0.307692307692 0.673076923077 0.285714285714
0.714285714286 0.269230769231 0.711538461538 0.285714285714
0.75 0.269230769231 0.75 0.285714285714
0.785714285714 0.307692307692 0.788461538462 0.285714285714
0.821428571429 0.269230769231 0.826923076923 0.285714285714
0.857142857143 0.269230769231 0.865384615385 0.285714285714
0.892857142857 0.307692307692 0.903846153846 0.285714285714
0.928571428571 0.269230769231 0.942307692308 0.285714285714
0.964285714286 0.269230769231 0.980769230769 0.285714285714
0.0 0.307692307692 0.0 0.321428571429
0.0357142857143 0.346153846154 0.0384615384615 0.321428571429
0.0714285714286 0.307692307692 0.0769230769231 0.321428571429
0.107142857143 0.307692307692 0.115384615385 0.321428571429
0.142857142857 0.346153846154 0.153846153846 0.321428571429
0.214285714286 0.307692307692 0.192307692308 0.321428571429
0.25 0.346153846154 0.230769230769 0.321428571429
0.25 0.307692307692 0.269230769231 0.321428571429
0.285714285714 0.307692307692 0.307692307692 0.321428571429
0.357142857143 0.307692307692 0.346153846154 0.321428571429
0.392857142857 0.307692307692 0.384615384615 0.321428571429
0.428571428571 0.307692307692 0.423076923077 0.321428571429
0.464285714286 0.307692307692 0.461538461538 0.321428571429
0.5 0.307692307692 0.5 0.321428571429
0.535714285714 0.307692307692 0.538461538462 0.321428571429
0.571428571429 0.346153846154 0.576923076923 0.321428571429
0.607142857143 0.346153846154 0.615384615385 0.321428571429
0.642857142857 0.346153846154 0.653846153846 0.321428571429
0.714285714286 0.307692307692 0.692307692308 0.321428571429
0.75 0.346153846154 0.730769230769 0.321428571429
0.75 0.307692307692 0.769230769231 0.321428571429
0.821428571429 0.307692307692 0.807692307692 0.321428571429
0.857142857143 0.307692307692 0.846153846154 0.321428571429
0.892857142857 0.346153846154 0.884615384615 0.321428571429
0.928571428571 0.307692307692 0.923076923077 0.321428571429
0.964285714286 0.307692307692 0.961538461538 0.321428571429
0.0 0.346153846154 0.0192307692308 0.357142857143
0.0714285714286 0.346153846154 0.0576923076923 0.357142857143
0.107142857143 0.346153846154 0.0961538461538 0.357142857143
0.142857142857 0.384615384615 0.134615384615 0.357142857143
0.178571428571 0.346153846154 0.173076923077 0.357142857143
0.214285714286 0.346153846154 0.211538461538 0.357142857143
0.25 0.384615384615 0.25 0.357142857143
0.285714285714 0.346153846154 0.288461538462 0.357142857143
0.321428571429 0.346153846154 0.326923076923 0.357142857143
0.357142857143 0.346153846154 0.365384615385 0.357142857143
0.392857142857 0.346153846154 0.403846153846 0.357142857143
0.428571428571 0.346153846154 0.442307692308 0.357142857143
0.464285714286 0.346153846154 0.480769230769 0.357142857143
0.5 0.346153846154 0.519230769231 0.357142857143
0.535714285714 0.346153846154 0.557692307692 0.357142857143
0.607142857143 0.384615384615 0.596153846154 0.357142857143
0.642857142857 0.384615384615 0.634615384615 0.357142857143
0.678571428571 0.346153846154 0.673076923077 0.357142857143
0.714285714286 0.346153846154 0.711538461538 0.357142857143
0.75 0.384615384615 0.75 0.357142857143
0.785714285714 0.346153846154 0.788461538462 0.357142857143
0.821428571429 0.346153846154 0.826923076923 0.357142857143
0.857142857143 0.346153846154 0.865384615385 0.357142857143
0.892857142857 0.384615384615 0.903846153846 0.357142857143
0.928571428571 0.346153846154 0.942307692308 0.357142857143
0.964285714286 0.346153846154 0.980769230769 0.357142857143
0.0 0.384615384615 0.0 0.392857142857
0.0357142857143 0.384615384615 0.0384615384615 0.392857142857
0.0714285714286 0.384615384615 0.0769230769231 0.392857142857
0.107142857143 0.384615384615 0.115384615385 0.392857142857
0.142857142857 0.423076923077 0.153846153846 0.392857142857
0.178571428571 0.384615384615 0.192307692308 0.392857142857
0.214285714286 0.384615384615 0.230769230769 0.392857142857
0.285714285714 0.384615384615 0.269230769231 0.392857142857
0.321428571429 0.384615384615 0.307692307692 0.392857142857
0.357142857143 0.384615384615 0.346153846154 0.392857142857
0.392857142857 0.384615384615 0.384615384615 0.392857142857
0.428571428571 0.384615384615 0.423076923077 0.392857142857
0.464285714286 0.384615384615 0.461538461538 0.392857142857
0.5 0.384615384615 0.5 0.392857142857
0.535714285714 0.384615384615 0.538461538462 0.392857142857
0.571428571429 0.384615384615 0.576923076923 0.392857142857
0.607142857143 0.423076923077 0.615384615385 0.392857142857
0.642857142857 0.423076923077 0.653846153846 0.392857142857
0.678571428571 0.384615384615 0.692307692308 0.392857142857
0.714285714286 0.384615384615 0.730769230769 0.392857142857
0.785714285714 0.384615384615 0.769230769231 0.392857142857
0.821428571429 0.384615384615 0.807692307692 0.392857142857
0.857142857143 0.384615384615 0.846153846154 0.392857142857
0.892857142857 0.423076923077 0.884615384615 0.392857142857
0.928571428571 0.384615384615 0.923076923077 0.392857142857
0.964285714286 0.384615384615 0.961538461538 0.392857142857
0.0357142857143 0.423076923077 0.0192307692308 0.428571428571
0.0714285714286 0.423076923077 0.0576923076923 0.428571428571
0.107142857143 0.423076923077 0.0961538461538 0.428571428571
0.142857142857 0.461538461538 0.134615384615 0.428571428571
0.178571428571 0.423076923077 0.173076923077 0.428571428571
0.214285714286 0.423076923077 0.211538461538 0.428571428571
0.25 0.423076923077 0.25 0.428571428571
0.285714285714 0.423076923077 0.288461538462 0.428571428571
0.321428571429 0.423076923077 0.326923076923 0.428571428571
0.357142857143 0.423076923077 0.365384615385 0.428571428571
0.392857142857 0.423076923077 0.403846153846 0.428571428571
0.428571428571 0.423076923077 0.442307692308 0.428571428571
0.464285714286 0.423076923077 0.480769230769 0.428571428571
0.5 0.423076923077 0.519230769231 0.428571428571
0.535714285714 0.423076923077 0.557692307692 0.428571428571
0.571428571429 0.423076923077 0.596153846154 0.428571428571
0.642857142857 0.461538461538 0.634615384615 0.428571428571
0.678571428571 0.423076923077 0.673076923077 0.428571428571
0.714285714286 0.423076923077 0.711538461538 0.428571428571
0.75 0.423076923077 0.75 0.428571428571
0.785714285714 0.423076923077 0.788461538462 0.428571428571
0.821428571429 0.423076923077 0.826923076923 0.428571428571
0.857142857143 0.423076923077 0.865384615385 0.428571428571
0.928571428571 0.423076923077 0.903846153846 0.428571428571
0.964285714286 0.423076923077 0.942307692308 0.428571428571
0.0 0.423076923077 -0.0192307692308 0.428571428571
0.0 0.461538461538 0.0 0.464285714286
0.0357142857143 0.461538461538 0.0384615384615 0.464285714286
0.0714285714286 0.461538461538 0.0769230769231 0.464285714286
0.107142857143 0.461538461538 0.115384615385 0.464285714286
0.178571428571 0.461538461538 0.153846153846 0.464285714286
0.214285714286 0.461538461538 0.192307692308 0.464285714286
0.25 0.461538461538 0.230769230769 0.464285714286
0.285714285714 0.461538461538 0.269230769231 0.464285714286
0.321428571429 0.461538461538 0.307692307692 0.464285714286
0.357142857143 0.461538461538 0.346153846154 0.464285714286
0.392857142857 0.461538461538 0.384615384615 0.464285714286
0.428571428571 0.461538461538 0.423076923077 0.464285714286
0.464285714286 0.461538461538 0.461538461538 0.464285714286
0.5 0.461538461538 0.5 0.464285714286
0.535714285714 0.461538461538 0.538461538462 0.464285714286
0.571428571429 0.461538461538 0.576923076923 0.464285714286
0.607142857143 0.461538461538 0.615384615385 0.464285714286
0.678571428571 0.461538461538 0.653846153846 0.464285714286
0.714285714286 0.461538461538 0.692307692308 0.464285714286
0.75 0.461538461538 0.730769230769 0.464285714286
0.785714285714 0.461538461538 0.769230769231 0.464285714286
0.821428571429 0.461538461538 0.807692307692 0.464285714286
0.857142857143 0.461538461538 0.846153846154 0.464285714286
0.892857142857 0.461538461538 0.884615384615 0.464285714286
0.928571428571 0.461538461538 0.923076923077 0.464285714286
0.964285714286 0.461538461538 0.961538461538 0.464285714286
0.0357142857143 0.5 0.0192307692308 0.5
0.0714285714286 0.5 0.0576923076923 0.5
0.107142857143 0.5 0.0961538461538 0.5
0.142857142857 0.5 0.134615384615 0.5
0.178571428571 0.5 0.173076923077 0.5
0.214285714286 0.5 0.211538461538 0.5
0.25 0.5 0.25 0.5
0.285714285714 0.5 0.288461538462 0.5
0.321428571429 0.5 0.326923076923 0.5
0.357142857143 0.5 0.365384615385 0.5
0.392857142857 0.5 0.403846153846 0.5
0.428571428571 0.5 0.442307692308 0.5
0.464285714286 0.5 0.480769230769 0.5
0.5 0.5 0.519230769231 0.5
0.535714285714 0.5 0.557692307692 0.5
0.607142857143 0.5 0.596153846154 0.5
0.642857142857 0.5 0.634615384615 0.5
0.678571428571 0.5 0.673076923077 0.5
0.714285714286 0.5 0.711538461538 0.5
0.75 0.5 0.75 0.5
0.785714285714 0.5 0.788461538462 0.5
0.821428571429 0.5 0.826923076923 0.5
0.857142857143 0.5 0.865384615385 0.5
0.892857142857 0.5 0.903846153846 0.5
0.928571428571 0.5 0.942307692308 0.5
0.0 0.5 -0.0192307692308 0.5
0.0 0.538461538462 0.0 0.535714285714
0.0357142857143 0.538461538462 0.0384615384615 0.535714285714
0.0714285714286 0.538461538462 0.0769230769231 0.535714285714
0.107142857143 0.538461538462 0.115384615385 0.535714285714
0.142857142857 0.538461538462 0.153846153846 0.535714285714
0.178571428571 0.538461538462 0.192307692308 0.535714285714
0.214285714286 0.538461538462 0.230769230769 0.535714285714
0.25 0.538461538462 0.269230769231 0.535714285714
0.285714285714 0.538461538462 0.307692307692 0.535714285714
0.357142857143 0.538461538462 0.346153846154 0.535714285714
0.392857142857 0.538461538462 0.384615384615 0.535714285714
0.428571428571 0.538461538462 0.423076923077 0.535714285714
0.464285714286 0.538461538462 0.461538461538 0.535714285714
0.5 0.538461538462 0.5 0.535714285714
0.535714285714 0.538461538462 0.538461538462 0.535714285714
0.571428571429 0.5 0.576923076923 0.535714285714
0.607142857143 0.538461538462 0.615384615385 0.535714285714
0.678571428571 0.538461538462 0.653846153846 0.535714285714
0.714285714286 0.538461538462 0.692307692308 0.535714285714
0.75 0.538461538462 0.730769230769 0.535714285714
0.785714285714 0.538461538462 0.769230769231 0.535714285714
0.821428571429 0.538461538462 0.807692307692 0.535714285714
0.857142857143 0.538461538462 0.846153846154 0.535714285714
0.892857142857 0.538461538462 0.884615384615 0.535714285714
0.928571428571 0.538461538462 0.923076923077 0.535714285714
0.964285714286 0.5 0.961538461538 0.535714285714
0.0357142857143 0.576923076923 0.0192307692308 0.571428571429
0.0714285714286 0.576923076923 0.0576923076923 0.571428571429
0.107142857143 0.576923076923 0.0961538461538 0.571428571429
0.142857142857 0.576923076923 0.134615384615 0.571428571429
0.178571428571 0.576923076923 0.173076923077 0.571428571429
0.214285714286 0.576923076923 0.211538461538 0.571428571429
0.25 0.576923076923 0.25 0.571428571429
0.285714285714 0.576923076923 0.288461538462 0.571428571429
0.321428571429 0.538461538462 0.326923076923 0.571428571429
0.357142857143 0.576923076923 0.365384615385 0.571428571429
0.392857142857 0.576923076923 0.403846153846 0.571428571429
0.464285714286 0.576923076923 0.442307692308 0.571428571429
0.5 0.576923076923 0.480769230769 0.571428571429
0.535714285714 0.576923076923 0.519230769231 0.571428571429
0.571428571429 0.576923076923 0.557692307692 0.571428571429
0.571428571429 0.538461538462 0.596153846154 0.571428571429
0.642857142857 0.538461538462 0.634615384615 0.571428571429
0.678571428571 0.576923076923 0.673076923077 0.571428571429
0.714285714286 0.576923076923 0.711538461538 0.571428571429
0.75 0.576923076923 0.75 0.571428571429
0.785714285714 0.576923076923 0.788461538462 0.571428571429
0.821428571429 0.576923076923 0.826923076923 0.571428571429
0.857142857143 0.576923076923 0.865384615385 0.571428571429
0.892857142857 0.576923076923 0.903846153846 0.571428571429
0.964285714286 0.576923076923 0.942307692308 0.571428571429
0.964285714286 0.538461538462 0.980769230769 0.571428571429
0.0 0.576923076923 0.0 0.607142857143
0.0357142857143 0.615384615385 0.0384615384615 0.607142857143
0.0714285714286 0.615384615385 0.0769230769231 0.607142857143
0.107142857143 0.615384615385 0.115384615385 0.607142857143
0.142857142857 0.615384615385 0.153846153846 0.607142857143
0.178571428571 0.615384615385 0.192307692308 0.607142857143
0.214285714286 0.615384615385 0.230769230769 0.607142857143
0.25 0.615384615385 0.269230769231 0.607142857143
0.321428571429 0.615384615385 0.307692307692 0.607142857143
0.321428571429 0.576923076923 0.346153846154 0.607142857143
0.392857142857 0.615384615385 0.384615384615 0.607142857143
0.428571428571 0.576923076923 0.423076923077 0.607142857143
0.464285714286 0.615384615385 0.461538461538 0.607142857143
0.5 0.615384615385 0.5 0.607142857143
0.535714285714 0.615384615385 0.538461538462 0.607142857143
0.571428571429 0.615384615385 0.576923076923 0.607142857143
0.607142857143 0.576923076923 0.615384615385 0.607142857143
0.642857142857 0.576923076923 0.653846153846 0.607142857143
0.678571428571 0.615384615385 0.692307692308 0.607142857143
0.714285714286 0.615384615385 0.730769230769 0.607142857143
0.75 0.615384615385 0.769230769231 0.607142857143
0.821428571429 0.615384615385 0.807692307692 0.607142857143
0.857142857143 0.615384615385 0.846153846154 0.607142857143
0.892857142857 0.615384615385 0.884615384615 0.607142857143
0.928571428571 0.576923076923 0.923076923077 0.607142857143
0.964285714286 0.615384615385 0.961538461538 0.607142857143
0.0 0.653846153846 0.0192307692308 0.642857142857
0.0714285714286 0.653846153846 0.0576923076923 0.642857142857
0.107142857143 0.653846153846 0.0961538461538 0.642857142857
0.142857142857 0.653846153846 0.134615384615 0.642857142857
0.178571428571 0.653846153846 0.173076923077 0.642857142857
0.214285714286 0.653846153846 0.211538461538 0.642857142857
0.25 0.653846153846 0.25 0.642857142857
0.285714285714 0.615384615385 0.288461538462 0.642857142857
0.321428571429 0.653846153846 0.326923076923 0.642857142857
0.357142857143 0.615384615385 0.365384615385 0.642857142857
0.428571428571 0.615384615385 0.403846153846 0.642857142857
0.464285714286 0.653846153846 0.442307692308 0.642857142857
0.5 0.653846153846 0.480769230769 0.642857142857
0.535714285714 0.653846153846 0.519230769231 0.642857142857
0.571428571429 0.653846153846 0.557692307692 0.642857142857
0.607142857143 0.615384615385 0.596153846154 0.642857142857
0.642857142857 0.615384615385 0.634615384615 0.642857142857
0.678571428571 0.653846153846 0.673076923077 0.642857142857
0.714285714286 0.653846153846 0.711538461538 0.642857142857
0.75 0.653846153846 0.75 0.642857142857
0.785714285714 0.615384615385 0.788461538462 0.642857142857
0.821428571429 0.653846153846 0.826923076923 0.642857142857
0.857142857143 0.653846153846 0.865384615385 0.642857142857
0.928571428571 0.615384615385 0.903846153846 0.642857142857
0.964285714286 0.653846153846 0.942307692308 0.642857142857
0.0 0.615384615385 -0.0192307692308 0.642857142857
0.0 0.692307692308 0.0 0.678571428571
0.0357142857143 0.653846153846 0.0384615384615 0.678571428571
0.0714285714286 0.692307692308 0.0769230769231 0.678571428571
0.107142857143 0.692307692308 0.115384615385 0.678571428571
0.142857142857 0.692307692308 0.153846153846 0.678571428571
0.178571428571 0.692307692308 0.192307692308 0.678571428571
0.214285714286 0.692307692308 0.230769230769 0.678571428571
0.285714285714 0.692307692308 0.269230769231 0.678571428571
0.285714285714 0.653846153846 0.307692307692 0.678571428571
0.357142857143 0.653846153846 0.346153846154 0.678571428571
0.392857142857 0.653846153846 0.384615384615 0.678571428571
0.428571428571 0.653846153846 0.423076923077 0.678571428571
0.464285714286 0.692307692308 0.461538461538 0.678571428571
0.5 0.692307692308 0.5 0.678571428571
0.535714285714 0.692307692308 0.538461538462 0.678571428571
0.571428571429 0.692307692308 0.576923076923 0.678571428571
0.607142857143 0.653846153846 0.615384615385 0.678571428571
0.642857142857 0.653846153846 0.653846153846 0.678571428571
0.678571428571 0.692307692308 0.692307692308 0.678571428571
0.75 0.692307692308 0.730769230769 0.678571428571
0.785714285714 0.692307692308 0.769230769231 0.678571428571
0.785714285714 0.653846153846 0.807692307692 0.678571428571
0.857142857143 0.692307692308 0.846153846154 0.678571428571
0.892857142857 0.653846153846 0.884615384615 0.678571428571
0.928571428571 0.653846153846 0.923076923077 0.678571428571
0.964285714286 0.692307692308 0.961538461538 0.678571428571
0.0357142857143 0.692307692308 0.0192307692308 0.714285714286
0.0714285714286 0.730769230769 0.0576923076923 0.714285714286
0.107142857143 0.730769230769 0.0961538461538 0.714285714286
0.142857142857 0.730769230769 0.134615384615 0.714285714286
0.178571428571 0.730769230769 0.173076923077 0.714285714286
0.214285714286 0.730769230769 0.211538461538 0.714285714286
0.25 0.692307692308 0.25 0.714285714286
0.285714285714 0.730769230769 0.288461538462 0.714285714286
0.321428571429 0.692307692308 0.326923076923 0.714285714286
0.357142857143 0.692307692308 0.365384615385 0.714285714286
0.392857142857 0.692307692308 0.403846153846 0.714285714286
0.428571428571 0.692307692308 0.442307692308 0.714285714286
0.464285714286 0.730769230769 0.480769230769 0.714285714286
0.535714285714 0.730769230769 0.519230769231 0.714285714286
0.571428571429 0.730769230769 0.557692307692 0.714285714286
0.607142857143 0.692307692308 0.596153846154 0.714285714286
0.642857142857 0.692307692308 0.634615384615 0.714285714286
0.678571428571 0.730769230769 0.673076923077 0.714285714286
0.714285714286 0.692307692308 0.711538461538 0.714285714286
0.75 0.730769230769 0.75 0.714285714286
0.785714285714 0.730769230769 0.788461538462 0.714285714286
0.821428571429 0.692307692308 0.826923076923 0.714285714286
0.857142857143 0.730769230769 0.865384615385 0.714285714286
0.892857142857 0.692307692308 0.903846153846 0.714285714286
0.928571428571 0.692307692308 0.942307692308 0.714285714286
0.964285714286 0.730769230769 0.980769230769 0.714285714286
0.0 0.730769230769 0.0 0.75
0.0357142857143 0.730769230769 0.0384615384615 0.75
0.0714285714286 0.769230769231 0.0769230769231 0.75
0.107142857143 0.769230769231 0.115384615385 0.75
0.142857142857 0.769230769231 0.153846153846 0.75
0.178571428571 0.769230769231 0.192307692308 0.75
0.25 0.730769230769 0.230769230769 0.75
0.25 0.769230769231 0.269230769231 0.75
0.321428571429 0.730769230769 0.307692307692 0.75
0.357142857143 0.730769230769 0.346153846154 0.75
0.392857142857 0.730769230769 0.384615384615 0.75
0.428571428571 0.730769230769 0.423076923077 0.75
0.464285714286 0.769230769231 0.461538461538 0.75
0.5 0.730769230769 0.5 0.75
0.535714285714 0.769230769231 0.538461538462 0.75
0.571428571429 0.769230769231 0.576923076923 0.75
0.607142857143 0.730769230769 0.615384615385 0.75
0.642857142857 0.730769230769 0.653846153846 0.75
0.678571428571 0.769230769231 0.692307692308 0.75
0.714285714286 0.730769230769 0.730769230769 0.75
0.75 0.769230769231 0.769230769231 0.75
0.821428571429 0.730769230769 0.807692307692 0.75
0.857142857143 0.769230769231 0.846153846154 0.75
0.892857142857 0.730769230769 0.884615384615 0.75
0.928571428571 0.730769230769 0.923076923077 0.75
0.964285714286 0.769230769231 0.961538461538 0.75
0.0357142857143 0.769230769231 0.0192307692308 0.785714285714
0.0357142857143 0.807692307692 0.0576923076923 0.785714285714
0.107142857143 0.807692307692 0.0961538461538 0.785714285714
0.142857142857 0.807692307692 0.134615384615 0.785714285714
0.178571428571 0.807692307692 0.173076923077 0.785714285714
0.214285714286 0.769230769231 0.211538461538 0.785714285714
0.25 0.807692307692 0.25 0.785714285714
0.285714285714 0.769230769231 0.288461538462 0.785714285714
0.321428571429 0.769230769231 0.326923076923 0.785714285714
0.357142857143 0.769230769231 0.365384615385 0.785714285714
0.392857142857 0.769230769231 0.403846153846 0.785714285714
0.428571428571 0.769230769231 0.442307692308 0.785714285714
0.5 0.769230769231 0.480769230769 0.785714285714
0.535714285714 0.807692307692 0.519230769231 0.785714285714
0.571428571429 0.807692307692 0.557692307692 0.785714285714
0.607142857143 0.769230769231 0.596153846154 0.785714285714
0.642857142857 0.769230769231 0.634615384615 0.785714285714
0.678571428571 0.807692307692 0.673076923077 0.785714285714
0.714285714286 0.769230769231 0.711538461538 0.785714285714
0.75 0.807692307692 0.75 0.785714285714
0.785714285714 0.769230769231 0.788461538462 0.785714285714
0.821428571429 0.769230769231 0.826923076923 0.785714285714
0.857142857143 0.807692307692 0.865384615385 0.785714285714
0.892857142857 0.769230769231 0.903846153846 0.785714285714
0.928571428571 0.769230769231 0.942307692308 0.785714285714
0.0 0.769230769231 -0.0192307692308 0.785714285714
0.0 0.807692307692 0.0 0.821428571429
0.0357142857143 0.846153846154 0.0384615384615 0.821428571429
0.0714285714286 0.807692307692 0.0769230769231 0.821428571429
0.107142857143 0.846153846154 0.115384615385 0.821428571429
0.142857142857 0.846153846154 0.153846153846 0.821428571429
0.214285714286 0.807692307692 0.192307692308 0.821428571429
0.25 0.846153846154 0.230769230769 0.821428571429
0.285714285714 0.807692307692 0.269230769231 0.821428571429
0.321428571429 0.807692307692 0.307692307692 0.821428571429
0.357142857143 0.807692307692 0.346153846154 0.821428571429
0.392857142857 0.807692307692 0.384615384615 0.821428571429
0.428571428571 0.807692307692 0.423076923077 0.821428571429
0.464285714286 0.807692307692 0.461538461538 0.821428571429
0.5 0.807692307692 0.5 0.821428571429
0.535714285714 0.846153846154 0.538461538462 0.821428571429
0.571428571429 0.846153846154 0.576923076923 0.821428571429
0.607142857143 0.807692307692 0.615384615385 0.821428571429
0.642857142857 0.807692307692 0.653846153846 0.821428571429
0.714285714286 0.807692307692 0.692307692308 0.821428571429
0.75 0.846153846154 0.730769230769 0.821428571429
0.785714285714 0.807692307692 0.769230769231 0.821428571429
0.821428571429 0.807692307692 0.807692307692 0.821428571429
0.857142857143 0.846153846154 0.846153846154 0.821428571429
0.892857142857 0.807692307692 0.884615384615 0.821428571429
0.928571428571 0.807692307692 0.923076923077 0.821428571429
0.964285714286 0.807692307692 0.961538461538 0.821428571429
0.0 0.846153846154 0.0192307692308 0.857142857143
0.0714285714286 0.846153846154 0.0576923076923 0.857142857143
0.0714285714286 0.884615384615 0.0961538461538 0.857142857143
0.142857142857 0.884615384615 0.134615384615 0.857142857143
0.178571428571 0.846153846154 0.173076923077 0.857142857143
0.214285714286 0.846153846154 0.211538461538 0.857142857143
0.25 0.884615384615 0.25 0.857142857143
0.285714285714 0.846153846154 0.288461538462 0.857142857143
0.321428571429 0.846153846154 0.326923076923 0.857142857143
0.357142857143 0.846153846154 0.365384615385 0.857142857143
0.392857142857 0.846153846154 0.403846153846 0.857142857143
0.428571428571 0.846153846154 0.442307692308 0.857142857143
0.464285714286 0.846153846154 0.480769230769 0.857142857143
0.5 0.846153846154 0.519230769231 0.857142857143
0.571428571429 0.884615384615 0.557692307692 0.857142857143
0.607142857143 0.846153846154 0.596153846154 0.857142857143
0.642857142857 0.846153846154 0.634615384615 0.857142857143
0.678571428571 0.846153846154 0.673076923077 0.857142857143
0.714285714286 0.846153846154 0.711538461538 0.857142857143
0.75 0.884615384615 0.75 0.857142857143
0.785714285714 0.846153846154 0.788461538462 0.857142857143
0.821428571429 0.846153846154 0.826923076923 0.857142857143
0.857142857143 0.884615384615 0.865384615385 0.857142857143
0.892857142857 0.846153846154 0.903846153846 0.857142857143
0.928571428571 0.846153846154 0.942307692308 0.857142857143
0.964285714286 0.846153846154 0.980769230769 0.857142857143
0.0 0.884615384615 0.0 0.892857142857
0.0357142857143 0.884615384615 0.0384615384615 0.892857142857
0.0714285714286 0.923076923077 0.0769230769231 0.892857142857
0.107142857143 0.884615384615 0.115384615385 0.892857142857
0.142857142857 0.923076923077 0.153846153846 0.892857142857
0.178571428571 0.884615384615 0.192307692308 0.892857142857
0.214285714286 0.884615384615 0.230769230769 0.892857142857
0.285714285714 0.884615384615 0.269230769231 0.892857142857
0.321428571429 0.884615384615 0.307692307692 0.892857142857
0.357142857143 0.884615384615 0.346153846154 0.892857142857
0.392857142857 0.884615384615 0.384615384615 0.892857142857
0.428571428571 0.884615384615 0.423076923077 0.892857142857
0.464285714286 0.884615384615 0.461538461538 0.892857142857
0.5 0.884615384615 0.5 0.892857142857
0.535714285714 0.884615384615 0.538461538462 0.892857142857
0.571428571429 0.923076923077 0.576923076923 0.892857142857
0.607142857143 0.884615384615 0.615384615385 0.892857142857
0.642857142857 0.884615384615 0.653846153846 0.892857142857
0.678571428571 0.884615384615 0.692307692308 0.892857142857
0.714285714286 0.884615384615 0.730769230769 0.892857142857
0.785714285714 0.884615384615 0.769230769231 0.892857142857
0.821428571429 0.884615384615 0.807692307692 0.892857142857
0.821428571429 0.923076923077 0.846153846154 0.892857142857
0.892857142857 0.884615384615 0.884615384615 0.892857142857
0.928571428571 0.884615384615 0.923076923077 0.892857142857
0.964285714286 0.884615384615 0.961538461538 0.892857142857
0.0 0.923076923077 0.0192307692308 0.928571428571
0.0357142857143 0.923076923077 0.0576923076923 0.928571428571
0.107142857143 0.923076923077 0.0961538461538 0.928571428571
0.142857142857 0.961538461538 0.134615384615 0.928571428571
0.178571428571 0.923076923077 0.173076923077 0.928571428571
0.214285714286 0.923076923077 0.211538461538 0.928571428571
0.25 0.923076923077 0.25 0.928571428571
0.285714285714 0.923076923077 0.288461538462 0.928571428571
0.321428571429 0.923076923077 0.326923076923 0.928571428571
0.357142857143 0.923076923077 0.365384615385 0.928571428571
0.392857142857 0.923076923077 0.403846153846 0.928571428571
0.428571428571 0.923076923077 0.442307692308 0.928571428571
0.464285714286 0.923076923077 0.480769230769 0.928571428571
0.5 0.923076923077 0.519230769231 0.928571428571
0.535714285714 0.923076923077 0.557692307692 0.928571428571
0.607142857143 0.923076923077 0.596153846154 0.928571428571
0.642857142857 0.923076923077 0.634615384615 0.928571428571
0.678571428571 0.923076923077 0.673076923077 0.928571428571
0.714285714286 0.923076923077 0.711538461538 0.928571428571
0.75 0.923076923077 0.75 0.928571428571
0.785714285714 0.923076923077 0.788461538462 0.928571428571
0.821428571429 0.961538461538 0.826923076923 0.928571428571
0.857142857143 0.923076923077 0.865384615385 0.928571428571
0.892857142857 0.923076923077 0.903846153846 0.928571428571
0.928571428571 0.923076923077 0.942307692308 0.928571428571
0.964285714286 0.923076923077 0.980769230769 0.928571428571
0.0 0.961538461538 0.0 0.964285714286
0.0357142857143 0.961538461538 0.0384615384615 0.964285714286
0.0714285714286 0.961538461538 0.0769230769231 0.964285714286
0.107142857143 0.961538461538 0.115384615385 0.964285714286
0.178571428571 0.961538461538 0.153846153846 0.964285714286
0.214285714286 0.961538461538 0.192307692308 0.964285714286
0.25 0.961538461538 0.230769230769 0.964285714286
0.285714285714 0.961538461538 0.269230769231 0.964285714286
0.321428571429 0.961538461538 0.307692307692 0.964285714286
0.357142857143 0.961538461538 0.346153846154 0.964285714286
0.392857142857 0.961538461538 0.384615384615 0.964285714286
0.428571428571 0.961538461538 0.423076923077 0.964285714286
0.464285714286 0.961538461538 0.461538461538 0.964285714286
0.5 0.961538461538 0.5 0.964285714286
0.535714285714 0.961538461538 0.538461538462 0.964285714286
0.571428571429 0.961538461538 0.576923076923 0.964285714286
0.607142857143 0.961538461538 0.615384615385 0.964285714286
0.642857142857 0.961538461538 0.653846153846 0.964285714286
0.678571428571 0.961538461538 0.692307692308 0.964285714286
0.714285714286 0.961538461538 0.730769230769 0.964285714286
0.75 0.961538461538 0.769230769231 0.964285714286
0.785714285714 0.961538461538 0.807692307692 0.964285714286
0.857142857143 0.961538461538 0.846153846154 0.964285714286
0.892857142857 0.961538461538 0.884615384615 0.964285714286
0.928571428571 0.961538461538 0.923076923077 0.964285714286
0.964285714286 0.961538461538 0.961538461538 0.964285714286
