0.0 0.0 0.0208333333333 0.0
0.0769230769231 0.0 0.0625 0.0
0.115384615385 0.0 0.104166666667 0.0
0.153846153846 0.0 0.145833333333 0.0
0.192307692308 0.0 0.1875 0.0
0.230769230769 0.0 0.229166666667 0.0
0.269230769231 0.0 0.270833333333 0.0
0.307692307692 0.0 0.3125 0.0
0.346153846154 0.0 0.354166666667 0.0
0.384615384615 0.0 0.395833333333 0.0
0.423076923077 0.0 0.4375 0.0
0.461538461538 0.0 0.479166666667 0.0
0.538461538462 0.0 0.520833333333 0.0
0.576923076923 0.0 0.5625 0.0
0.615384615385 0.0 0.604166666667 0.0
0.653846153846 0.0 0.645833333333 0.0
0.692307692308 0.0 0.6875 0.0
0.730769230769 0.0 0.729166666667 0.0
0.769230769231 0.0 0.770833333333 0.0
0.807692307692 0.0 0.8125 0.0
0.846153846154 0.0 0.854166666667 0.0
0.884615384615 0.0 0.895833333333 0.0
0.923076923077 0.0 0.9375 0.0
0.961538461538 0.0 0.979166666667 0.0
0.0 0.0416666666667 0.0 0.0384615384615
0.0384615384615 0.0 0.0416666666667 0.0384615384615
0.0769230769231 0.0416666666667 0.0833333333333 0.0384615384615
0.115384615385 0.0416666666667 0.125 0.0384615384615
0.153846153846 0.0416666666667 0.166666666667 0.0384615384615
0.192307692308 0.0416666666667 0.208333333333 0.0384615384615
0.230769230769 0.0416666666667 0.25 0.0384615384615
0.307692307692 0.0416666666667 0.291666666667 0.0384615384615
0.346153846154 0.0416666666667 0.333333333333 0.0384615384615
0.384615384615 0.0416666666667 0.375 0.0384615384615
0.423076923077 0.0416666666667 0.416666666667 0.0384615384615
0.461538461538 0.0416666666667 0.458333333333 0.0384615384615
0.5 0.0 0.5 0.0384615384615
0.538461538462 0.0416666666667 0.541666666667 0.0384615384615
0.576923076923 0.0416666666667 0.583333333333 0.0384615384615
0.615384615385 0.0416666666667 0.625 0.0384615384615
0.653846153846 0.0416666666667 0.666666666667 0.0384615384615
0.692307692308 0.0416666666667 0.708333333333 0.0384615384615
0.730769230769 0.0416666666667 0.75 0.0384615384615
0.807692307692 0.0416666666667 0.791666666667 0.0384615384615
0.846153846154 0.0416666666667 0.833333333333 0.0384615384615
0.884615384615 0.0416666666667 0.875 0.0384615384615
0.923076923077 0.0416666666667 0.916666666667 0.0384615384615
0.961538461538 0.0416666666667 0.958333333333 0.0384615384615
0.0384615384615 0.0416666666667 0.0208333333333 0.0769230769231
0.0769230769231 0.0833333333333 0.0625 0.0769230769231
0.115384615385 0.0833333333333 0.104166666667 0.0769230769231
0.153846153846 0.0833333333333 0.145833333333 0.0769230769231
0.192307692308 0.0833333333333 0.1875 0.0769230769231
0.230769230769 0.0833333333333 0.229166666667 0.0769230769231
0.269230769231 0.0416666666667 0.270833333333 0.0769230769231
0.307692307692 0.0833333333333 0.3125 0.0769230769231
0.346153846154 0.0833333333333 0.354166666667 0.0769230769231
0.384615384615 0.0833333333333 0.395833333333 0.0769230769231
0.423076923077 0.0833333333333 0.4375 0.0769230769231
0.5 0.0416666666667 0.479166666667 0.0769230769231
0.5 0.0833333333333 0.520833333333 0.0769230769231
0.576923076923 0.0833333333333 0.5625 0.0769230769231
0.615384615385 0.0833333333333 0.604166666667 0.0769230769231
0.653846153846 0.0833333333333 0.645833333333 0.0769230769231
0.692307692308 0.0833333333333 0.6875 0.0769230769231
0.730769230769 0.0833333333333 0.729166666667 0.0769230769231
0.769230769231 0.0416666666667 0.770833333333 0.0769230769231
0.807692307692 0.0833333333333 0.8125 0.0769230769231
0.846153846154 0.0833333333333 0.854166666667 0.0769230769231
0.884615384615 0.0833333333333 0.895833333333 0.0769230769231
0.923076923077 0.0833333333333 0.9375 0.0769230769231
0.0 0.0833333333333 -0.0208333333333 0.0769230769231
0.0 0.125 0.0 0.115384615385
0.0384615384615 0.0833333333333 0.0416666666667 0.115384615385
0.0769230769231 0.125 0.0833333333333 0.115384615385
0.115384615385 0.125 0.125 0.115384615385
0.153846153846 0.125 0.166666666667 0.115384615385
0.192307692308 0.125 0.208333333333 0.115384615385
0.269230769231 0.0833333333333 0.25 0.115384615385
0.307692307692 0.125 0.291666666667 0.115384615385
0.346153846154 0.125 0.333333333333 0.115384615385
0.384615384615 0.125 0.375 0.115384615385
0.423076923077 0.125 0.416666666667 0.115384615385
0.461538461538 0.0833333333333 0.458333333333 0.115384615385
0.5 0.125 0.5 0.115384615385
0.538461538462 0.0833333333333 0.541666666667 0.115384615385
0.576923076923 0.125 0.583333333333 0.115384615385
0.615384615385 0.125 0.625 0.115384615385
0.653846153846 0.125 0.666666666667 0.115384615385
0.692307692308 0.125 0.708333333333 0.115384615385
0.769230769231 0.0833333333333 0.75 0.115384615385
0.807692307692 0.125 0.791666666667 0.115384615385
0.846153846154 0.125 0.833333333333 0.115384615385
0.884615384615 0.125 0.875 0.115384615385
0.923076923077 0.125 0.916666666667 0.115384615385
0.961538461538 0.0833333333333 0.958333333333 0.115384615385
0.0384615384615 0.125 0.0208333333333 0.153846153846
0.0384615384615 0.166666666667 0.0625 0.153846153846
0.0769230769231 0.166666666667 0.104166666667 0.153846153846
0.153846153846 0.166666666667 0.145833333333 0.153846153846
0.192307692308 0.166666666667 0.1875 0.153846153846
0.230769230769 0.125 0.229166666667 0.153846153846
0.269230769231 0.125 0.270833333333 0.153846153846
0.307692307692 0.166666666667 0.3125 0.153846153846
0.346153846154 0.166666666667 0.354166666667 0.153846153846
0.384615384615 0.166666666667 0.395833333333 0.153846153846
0.423076923077 0.166666666667 0.4375 0.153846153846
0.461538461538 0.125 0.479166666667 0.153846153846
0.538461538462 0.125 0.520833333333 0.153846153846
0.538461538462 0.166666666667 0.5625 0.153846153846
0.615384615385 0.166666666667 0.604166666667 0.153846153846
0.653846153846 0.166666666667 0.645833333333 0.153846153846
0.692307692308 0.166666666667 0.6875 0.153846153846
0.730769230769 0.125 0.729166666667 0.153846153846
0.769230769231 0.125 0.770833333333 0.153846153846
0.807692307692 0.166666666667 0.8125 0.153846153846
0.846153846154 0.166666666667 0.854166666667 0.153846153846
0.884615384615 0.166666666667 0.895833333333 0.153846153846
0.923076923077 0.166666666667 0.9375 0.153846153846
0.961538461538 0.125 0.979166666667 0.153846153846
0.0 0.166666666667 0.0 0.192307692308
0.0384615384615 0.208333333333 0.0416666666667 0.192307692308
0.0769230769231 0.208333333333 0.0833333333333 0.192307692308
0.115384615385 0.166666666667 0.125 0.192307692308
0.192307692308 0.208333333333 0.166666666667 0.192307692308
0.230769230769 0.166666666667 0.208333333333 0.192307692308
0.230769230769 0.208333333333 0.25 0.192307692308
0.269230769231 0.166666666667 0.291666666667 0.192307692308
0.307692307692 0.208333333333 0.333333333333 0.192307692308
0.384615384615 0.208333333333 0.375 0.192307692308
0.423076923077 0.208333333333 0.416666666667 0.192307692308
0.461538461538 0.166666666667 0.458333333333 0.192307692308
0.5 0.166666666667 0.5 0.192307692308
0.538461538462 0.208333333333 0.541666666667 0.192307692308
0.576923076923 0.166666666667 0.583333333333 0.192307692308
0.615384615385 0.208333333333 0.625 0.192307692308
0.692307692308 0.208333333333 0.666666666667 0.192307692308
0.730769230769 0.166666666667 0.708333333333 0.192307692308
0.769230769231 0.166666666667 0.75 0.192307692308
0.769230769231 0.208333333333 0.791666666667 0.192307692308
0.807692307692 0.208333333333 0.833333333333 0.192307692308
0.884615384615 0.208333333333 0.875 0.192307692308
0.923076923077 0.208333333333 0.916666666667 0.192307692308
0.961538461538 0.166666666667 0.958333333333 0.192307692308
0.0 0.208333333333 0.0208333333333 0.230769230769
0.0384615384615 0.25 0.0625 0.230769230769
0.115384615385 0.208333333333 0.104166666667 0.230769230769
0.153846153846 0.208333333333 0.145833333333 0.230769230769
0.192307692308 0.25 0.1875 0.230769230769
0.230769230769 0.25 0.229166666667 0.230769230769
0.269230769231 0.208333333333 0.270833333333 0.230769230769
0.307692307692 0.25 0.3125 0.230769230769
0.346153846154 0.208333333333 0.354166666667 0.230769230769
0.384615384615 0.25 0.395833333333 0.230769230769
0.461538461538 0.208333333333 0.4375 0.230769230769
0.5 0.208333333333 0.479166666667 0.230769230769
0.5 0.25 0.520833333333 0.230769230769
0.576923076923 0.208333333333 0.5625 0.230769230769
0.615384615385 0.25 0.604166666667 0.230769230769
0.653846153846 0.208333333333 0.645833333333 0.230769230769
0.692307692308 0.25 0.6875 0.230769230769
0.730769230769 0.208333333333 0.729166666667 0.230769230769
0.769230769231 0.25 0.770833333333 0.230769230769
0.807692307692 0.25 0.8125 0.230769230769
0.846153846154 0.208333333333 0.854166666667 0.230769230769
0.884615384615 0.25 0.895833333333 0.230769230769
0.961538461538 0.208333333333 0.9375 0.230769230769
0.0 0.25 -0.0208333333333 0.230769230769
0.0 0.291666666667 0.0 0.269230769231
0.0384615384615 0.291666666667 0.0416666666667 0.269230769231
0.0769230769231 0.25 0.0833333333333 0.269230769231
0.115384615385 0.25 0.125 0.269230769231
0.153846153846 0.25 0.166666666667 0.269230769231
0.192307692308 0.291666666667 0.208333333333 0.269230769231
0.269230769231 0.25 0.25 0.269230769231
0.307692307692 0.291666666667 0.291666666667 0.269230769231
0.346153846154 0.25 0.333333333333 0.269230769231
0.384615384615 0.291666666667 0.375 0.269230769231
0.423076923077 0.25 0.416666666667 0.269230769231
0.461538461538 0.25 0.458333333333 0.269230769231
0.5 0.291666666667 0.5 0.269230769231
0.538461538462 0.25 0.541666666667 0.269230769231
0.576923076923 0.25 0.583333333333 0.269230769231
0.615384615385 0.291666666667 0.625 0.269230769231
0.653846153846 0.25 0.666666666667 0.269230769231
0.730769230769 0.291666666667 0.708333333333 0.269230769231
0.730769230769 0.25 0.75 0.269230769231
0.807692307692 0.291666666667 0.791666666667 0.269230769231
0.846153846154 0.25 0.833333333333 0.269230769231
0.884615384615 0.291666666667 0.875 0.269230769231
0.923076923077 0.25 0.916666666667 0.269230769231
0.961538461538 0.25 0.958333333333 0.269230769231
0.0384615384615 0.333333333333 0.0208333333333 0.307692307692
0.0769230769231 0.291666666667 0.0625 0.307692307692
0.115384615385 0.291666666667 0.104166666667 0.307692307692
0.153846153846 0.291666666667 0.145833333333 0.307692307692
0.192307692308 0.333333333333 0.1875 0.307692307692
0.230769230769 0.291666666667 0.229166666667 0.307692307692
0.269230769231 0.291666666667 0.270833333333 0.307692307692
0.307692307692 0.333333333333 0.3125 0.307692307692
0.346153846154 0.291666666667 0.354166666667 0.307692307692
0.423076923077 0.291666666667 0.395833333333 0.307692307692
0.461538461538 0.291666666667 0.4375 0.307692307692
0.5 0.333333333333 0.479166666667 0.307692307692
0.538461538462 0.333333333333 0.520833333333 0.307692307692
0.538461538462 0.291666666667 0.5625 0.307692307692
0.576923076923 0.291666666667 0.604166666667 0.307692307692
0.653846153846 0.291666666667 0.645833333333 0.307692307692
0.692307692308 0.291666666667 0.6875 0.307692307692
0.730769230769 0.333333333333 0.729166666667 0.307692307692
0.769230769231 0.291666666667 0.770833333333 0.307692307692
0.807692307692 0.333333333333 0.8125 0.307692307692
0.846153846154 0.291666666667 0.854166666667 0.307692307692
0.923076923077 0.291666666667 0.895833333333 0.307692307692
0.961538461538 0.291666666667 0.9375 0.307692307692
0.961538461538 0.333333333333 0.979166666667 0.307692307692
0.0 0.333333333333 0.0 0.346153846154
0.0384615384615 0.375 0.0416666666667 0.346153846154
0.0769230769231 0.333333333333 0.0833333333333 0.346153846154
0.115384615385 0.333333333333 0.125 0.346153846154
0.153846153846 0.333333333333 0.166666666667 0.346153846154
0.230769230769 0.333333333333 0.208333333333 0.346153846154
0.269230769231 0.375 0.25 0.346153846154
0.269230769231 0.333333333333 0.291666666667 0.346153846154
0.346153846154 0.333333333333 0.333333333333 0.346153846154
0.384615384615 0.333333333333 0.375 0.346153846154
0.423076923077 0.333333333333 0.416666666667 0.346153846154
0.461538461538 0.333333333333 0.458333333333 0.346153846154
0.5 0.375 0.5 0.346153846154
0.538461538462 0.375 0.541666666667 0.346153846154
0.576923076923 0.333333333333 0.583333333333 0.346153846154
0.615384615385 0.333333333333 0.625 0.346153846154
0.653846153846 0.333333333333 0.666666666667 0.346153846154
0.692307692308 0.333333333333 0.708333333333 0.346153846154
0.730769230769 0.375 0.75 0.346153846154
0.769230769231 0.333333333333 0.791666666667 0.346153846154
0.846153846154 0.333333333333 0.833333333333 0.346153846154
0.884615384615 0.333333333333 0.875 0.346153846154
0.923076923077 0.333333333333 0.916666666667 0.346153846154
0.961538461538 0.375 0.958333333333 0.346153846154
0.0 0.375 0.0208333333333 0.384615384615
0.0769230769231 0.375 0.0625 0.384615384615
0.115384615385 0.375 0.104166666667 0.384615384615
0.153846153846 0.375 0.145833333333 0.384615384615
0.192307692308 0.375 0.1875 0.384615384615
0.230769230769 0.375 0.229166666667 0.384615384615
0.269230769231 0.416666666667 0.270833333333 0.384615384615
0.307692307692 0.375 0.3125 0.384615384615
0.346153846154 0.375 0.354166666667 0.384615384615
0.384615384615 0.375 0.395833333333 0.384615384615
0.423076923077 0.375 0.4375 0.384615384615
0.461538461538 0.375 0.479166666667 0.384615384615
0.5 0.416666666667 0.520833333333 0.384615384615
0.576923076923 0.375 0.5625 0.384615384615
0.615384615385 0.375 0.604166666667 0.384615384615
0.653846153846 0.375 0.645833333333 0.384615384615
0.692307692308 0.375 0.6875 0.384615384615
0.730769230769 0.416666666667 0.729166666667 0.384615384615
0.769230769231 0.375 0.770833333333 0.384615384615
0.807692307692 0.375 0.8125 0.384615384615
0.846153846154 0.375 0.854166666667 0.384615384615
0.884615384615 0.375 0.895833333333 0.384615384615
0.923076923077 0.375 0.9375 0.384615384615
0.0 0.416666666667 -0.0208333333333 0.384615384615
0.0 0.458333333333 0.0 0.423076923077
0.0384615384615 0.416666666667 0.0416666666667 0.423076923077
0.0769230769231 0.416666666667 0.0833333333333 0.423076923077
0.115384615385 0.416666666667 0.125 0.423076923077
0.153846153846 0.416666666667 0.166666666667 0.423076923077
0.192307692308 0.416666666667 0.208333333333 0.423076923077
0.230769230769 0.416666666667 0.25 0.423076923077
0.307692307692 0.416666666667 0.291666666667 0.423076923077
0.346153846154 0.416666666667 0.333333333333 0.423076923077
0.384615384615 0.416666666667 0.375 0.423076923077
0.423076923077 0.416666666667 0.416666666667 0.423076923077
0.461538461538 0.416666666667 0.458333333333 0.423076923077
0.5 0.458333333333 0.5 0.423076923077
0.538461538462 0.416666666667 0.541666666667 0.423076923077
0.576923076923 0.416666666667 0.583333333333 0.423076923077
0.615384615385 0.416666666667 0.625 0.423076923077
0.653846153846 0.416666666667 0.666666666667 0.423076923077
0.692307692308 0.416666666667 0.708333333333 0.423076923077
0.769230769231 0.416666666667 0.75 0.423076923077
0.807692307692 0.416666666667 0.791666666667 0.423076923077
0.846153846154 0.416666666667 0.833333333333 0.423076923077
0.884615384615 0.416666666667 0.875 0.423076923077
0.923076923077 0.416666666667 0.916666666667 0.423076923077
0.961538461538 0.416666666667 0.958333333333 0.423076923077
0.0384615384615 0.458333333333 0.0208333333333 0.461538461538
0.0769230769231 0.458333333333 0.0625 0.461538461538
0.115384615385 0.458333333333 0.104166666667 0.461538461538
0.153846153846 0.458333333333 0.145833333333 0.461538461538
0.192307692308 0.458333333333 0.1875 0.461538461538
0.230769230769 0.458333333333 0.229166666667 0.461538461538
0.269230769231 0.458333333333 0.270833333333 0.461538461538
0.307692307692 0.458333333333 0.3125 0.461538461538
0.346153846154 0.458333333333 0.354166666667 0.461538461538
0.384615384615 0.458333333333 0.395833333333 0.461538461538
0.423076923077 0.458333333333 0.4375 0.461538461538
0.461538461538 0.458333333333 0.479166666667 0.461538461538
0.538461538462 0.458333333333 0.520833333333 0.461538461538
0.576923076923 0.458333333333 0.5625 0.461538461538
0.615384615385 0.458333333333 0.604166666667 0.461538461538
0.653846153846 0.458333333333 0.645833333333 0.461538461538
0.692307692308 0.458333333333 0.6875 0.461538461538
0.730769230769 0.458333333333 0.729166666667 0.461538461538
0.769230769231 0.458333333333 0.770833333333 0.461538461538
0.807692307692 0.458333333333 0.8125 0.461538461538
0.846153846154 0.458333333333 0.854166666667 0.461538461538
0.884615384615 0.458333333333 0.895833333333 0.461538461538
0.923076923077 0.458333333333 0.9375 0.461538461538
0.961538461538 0.458333333333 0.979166666667 0.461538461538
0.0 0.5 0.0 0.5
0.0384615384615 0.5 0.0416666666667 0.5
0.0769230769231 0.5 0.0833333333333 0.5
0.115384615385 0.5 0.125 0.5
0.153846153846 0.5 0.166666666667 0.5
0.230769230769 0.5 0.208333333333 0.5
0.269230769231 0.5 0.25 0.5
0.307692307692 0.5 0.291666666667 0.5
0.346153846154 0.5 0.333333333333 0.5
0.384615384615 0.5 0.375 0.5
0.423076923077 0.5 0.416666666667 0.5
0.461538461538 0.5 0.458333333333 0.5
0.5 0.5 0.5 0.5
0.538461538462 0.5 0.541666666667 0.5
0.576923076923 0.5 0.583333333333 0.5
0.615384615385 0.5 0.625 0.5
0.653846153846 0.5 0.666666666667 0.5
0.692307692308 0.5 0.708333333333 0.5
0.730769230769 0.5 0.75 0.5
0.807692307692 0.5 0.791666666667 0.5
0.846153846154 0.5 0.833333333333 0.5
0.884615384615 0.5 0.875 0.5
0.923076923077 0.5 0.916666666667 0.5
0.961538461538 0.5 0.958333333333 0.5
0.0384615384615 0.541666666667 0.0208333333333 0.538461538462
0.0769230769231 0.541666666667 0.0625 0.538461538462
0.115384615385 0.541666666667 0.104166666667 0.538461538462
0.153846153846 0.541666666667 0.145833333333 0.538461538462
0.192307692308 0.5 0.1875 0.538461538462
0.230769230769 0.541666666667 0.229166666667 0.538461538462
0.269230769231 0.541666666667 0.270833333333 0.538461538462
0.307692307692 0.541666666667 0.3125 0.538461538462
0.346153846154 0.541666666667 0.354166666667 0.538461538462
0.384615384615 0.541666666667 0.395833333333 0.538461538462
0.461538461538 0.541666666667 0.4375 0.538461538462
0.5 0.541666666667 0.479166666667 0.538461538462
0.538461538462 0.541666666667 0.520833333333 0.538461538462
0.576923076923 0.541666666667 0.5625 0.538461538462
0.615384615385 0.541666666667 0.604166666667 0.538461538462
0.653846153846 0.541666666667 0.645833333333 0.538461538462
0.692307692308 0.541666666667 0.6875 0.538461538462
0.730769230769 0.541666666667 0.729166666667 0.538461538462
0.769230769231 0.5 0.770833333333 0.538461538462
0.807692307692 0.541666666667 0.8125 0.538461538462
0.846153846154 0.541666666667 0.854166666667 0.538461538462
0.884615384615 0.541666666667 0.895833333333 0.538461538462
0.923076923077 0.541666666667 0.9375 0.538461538462
0.961538461538 0.541666666667 0.979166666667 0.538461538462
0.0 0.541666666667 0.0 0.576923076923
0.0384615384615 0.583333333333 0.0416666666667 0.576923076923
0.0769230769231 0.583333333333 0.0833333333333 0.576923076923
0.153846153846 0.583333333333 0.125 0.576923076923
0.192307692308 0.583333333333 0.166666666667 0.576923076923
0.192307692308 0.541666666667 0.208333333333 0.576923076923
0.230769230769 0.583333333333 0.25 0.576923076923
0.307692307692 0.583333333333 0.291666666667 0.576923076923
0.346153846154 0.583333333333 0.333333333333 0.576923076923
0.384615384615 0.583333333333 0.375 0.576923076923
0.423076923077 0.541666666667 0.416666666667 0.576923076923
0.461538461538 0.583333333333 0.458333333333 0.576923076923
0.5 0.583333333333 0.5 0.576923076923
0.538461538462 0.583333333333 0.541666666667 0.576923076923
0.576923076923 0.583333333333 0.583333333333 0.576923076923
0.653846153846 0.583333333333 0.625 0.576923076923
0.692307692308 0.583333333333 0.666666666667 0.576923076923
0.730769230769 0.583333333333 0.708333333333 0.576923076923
0.769230769231 0.541666666667 0.75 0.576923076923
0.807692307692 0.583333333333 0.791666666667 0.576923076923
0.846153846154 0.583333333333 0.833333333333 0.576923076923
0.884615384615 0.583333333333 0.875 0.576923076923
0.923076923077 0.583333333333 0.916666666667 0.576923076923
0.961538461538 0.583333333333 0.958333333333 0.576923076923
0.0 0.625 0.0208333333333 0.615384615385
0.0769230769231 0.625 0.0625 0.615384615385
0.115384615385 0.583333333333 0.104166666667 0.615384615385
0.153846153846 0.625 0.145833333333 0.615384615385
0.192307692308 0.625 0.1875 0.615384615385
0.230769230769 0.625 0.229166666667 0.615384615385
0.269230769231 0.583333333333 0.270833333333 0.615384615385
0.307692307692 0.625 0.3125 0.615384615385
0.346153846154 0.625 0.354166666667 0.615384615385
0.423076923077 0.625 0.395833333333 0.615384615385
0.423076923077 0.583333333333 0.4375 0.615384615385
0.461538461538 0.625 0.479166666667 0.615384615385
0.538461538462 0.625 0.520833333333 0.615384615385
0.576923076923 0.625 0.5625 0.615384615385
0.615384615385 0.583333333333 0.604166666667 0.615384615385
0.653846153846 0.625 0.645833333333 0.615384615385
0.692307692308 0.625 0.6875 0.615384615385
0.730769230769 0.625 0.729166666667 0.615384615385
0.769230769231 0.583333333333 0.770833333333 0.615384615385
0.807692307692 0.625 0.8125 0.615384615385
0.846153846154 0.625 0.854166666667 0.615384615385
0.923076923077 0.625 0.895833333333 0.615384615385
0.961538461538 0.625 0.9375 0.615384615385
0.0 0.583333333333 -0.0208333333333 0.615384615385
0.0 0.666666666667 0.0 0.653846153846
0.0384615384615 0.625 0.0416666666667 0.653846153846
0.0769230769231 0.666666666667 0.0833333333333 0.653846153846
0.115384615385 0.625 0.125 0.653846153846
0.153846153846 0.666666666667 0.166666666667 0.653846153846
0.192307692308 0.666666666667 0.208333333333 0.653846153846
0.269230769231 0.625 0.25 0.653846153846
0.307692307692 0.666666666667 0.291666666667 0.653846153846
0.346153846154 0.666666666667 0.333333333333 0.653846153846
0.384615384615 0.625 0.375 0.653846153846
0.423076923077 0.666666666667 0.416666666667 0.653846153846
0.461538461538 0.666666666667 0.458333333333 0.653846153846
0.5 0.625 0.5 0.653846153846
0.538461538462 0.666666666667 0.541666666667 0.653846153846
0.576923076923 0.666666666667 0.583333333333 0.653846153846
0.615384615385 0.625 0.625 0.653846153846
0.653846153846 0.666666666667 0.666666666667 0.653846153846
0.692307692308 0.666666666667 0.708333333333 0.653846153846
0.769230769231 0.625 0.75 0.653846153846
0.769230769231 0.666666666667 0.791666666667 0.653846153846
0.846153846154 0.666666666667 0.833333333333 0.653846153846
0.884615384615 0.625 0.875 0.653846153846
0.923076923077 0.666666666667 0.916666666667 0.653846153846
0.961538461538 0.666666666667 0.958333333333 0.653846153846
0.0384615384615 0.666666666667 0.0208333333333 0.692307692308
0.0384615384615 0.708333333333 0.0625 0.692307692308
0.115384615385 0.666666666667 0.104166666667 0.692307692308
0.153846153846 0.708333333333 0.145833333333 0.692307692308
0.192307692308 0.708333333333 0.1875 0.692307692308
0.230769230769 0.666666666667 0.229166666667 0.692307692308
0.269230769231 0.666666666667 0.270833333333 0.692307692308
0.307692307692 0.708333333333 0.3125 0.692307692308
0.346153846154 0.708333333333 0.354166666667 0.692307692308
0.384615384615 0.666666666667 0.395833333333 0.692307692308
0.423076923077 0.708333333333 0.4375 0.692307692308
0.5 0.666666666667 0.479166666667 0.692307692308
0.538461538462 0.708333333333 0.520833333333 0.692307692308
0.576923076923 0.708333333333 0.5625 0.692307692308
0.615384615385 0.666666666667 0.604166666667 0.692307692308
0.653846153846 0.708333333333 0.645833333333 0.692307692308
0.692307692308 0.708333333333 0.6875 0.692307692308
0.730769230769 0.666666666667 0.729166666667 0.692307692308
0.769230769231 0.708333333333 0.770833333333 0.692307692308
0.807692307692 0.666666666667 0.8125 0.692307692308
0.846153846154 0.708333333333 0.854166666667 0.692307692308
0.884615384615 0.666666666667 0.895833333333 0.692307692308
0.923076923077 0.708333333333 0.9375 0.692307692308
0.961538461538 0.708333333333 0.979166666667 0.692307692308
0.0 0.708333333333 0.0 0.730769230769
0.0384615384615 0.75 0.0416666666667 0.730769230769
0.0769230769231 0.708333333333 0.0833333333333 0.730769230769
0.115384615385 0.708333333333 0.125 0.730769230769
0.153846153846 0.75 0.166666666667 0.730769230769
0.230769230769 0.708333333333 0.208333333333 0.730769230769
0.230769230769 0.75 0.25 0.730769230769
0.269230769231 0.708333333333 0.291666666667 0.730769230769
0.346153846154 0.75 0.333333333333 0.730769230769
0.384615384615 0.708333333333 0.375 0.730769230769
0.423076923077 0.75 0.416666666667 0.730769230769
0.461538461538 0.708333333333 0.458333333333 0.730769230769
0.5 0.708333333333 0.5 0.730769230769
0.538461538462 0.75 0.541666666667 0.730769230769
0.576923076923 0.75 0.583333333333 0.730769230769
0.615384615385 0.708333333333 0.625 0.730769230769
0.653846153846 0.75 0.666666666667 0.730769230769
0.730769230769 0.708333333333 0.708333333333 0.730769230769
0.730769230769 0.75 0.75 0.730769230769
0.807692307692 0.708333333333 0.791666666667 0.730769230769
0.846153846154 0.75 0.833333333333 0.730769230769
0.884615384615 0.708333333333 0.875 0.730769230769
0.923076923077 0.75 0.916666666667 0.730769230769
0.961538461538 0.75 0.958333333333 0.730769230769
0.0384615384615 0.791666666667 0.0208333333333 0.769230769231
0.0769230769231 0.75 0.0625 0.769230769231
0.115384615385 0.75 0.104166666667 0.769230769231
0.153846153846 0.791666666667 0.145833333333 0.769230769231
0.192307692308 0.75 0.1875 0.769230769231
0.230769230769 0.791666666667 0.229166666667 0.769230769231
0.269230769231 0.75 0.270833333333 0.769230769231
0.307692307692 0.75 0.3125 0.769230769231
0.346153846154 0.791666666667 0.354166666667 0.769230769231
0.384615384615 0.75 0.395833333333 0.769230769231
0.423076923077 0.791666666667 0.4375 0.769230769231
0.461538461538 0.75 0.479166666667 0.769230769231
0.5 0.75 0.520833333333 0.769230769231
0.576923076923 0.791666666667 0.5625 0.769230769231
0.615384615385 0.75 0.604166666667 0.769230769231
0.653846153846 0.791666666667 0.645833333333 0.769230769231
0.692307692308 0.75 0.6875 0.769230769231
0.730769230769 0.791666666667 0.729166666667 0.769230769231
0.769230769231 0.75 0.770833333333 0.769230769231
0.807692307692 0.75 0.8125 0.769230769231
0.846153846154 0.791666666667 0.854166666667 0.769230769231
0.884615384615 0.75 0.895833333333 0.769230769231
0.923076923077 0.791666666667 0.9375 0.769230769231
0.0 0.75 -0.0208333333333 0.769230769231
0.0 0.791666666667 0.0 0.807692307692
0.0384615384615 0.833333333333 0.0416666666667 0.807692307692
0.0769230769231 0.791666666667 0.0833333333333 0.807692307692
0.115384615385 0.791666666667 0.125 0.807692307692
0.192307692308 0.791666666667 0.166666666667 0.807692307692
0.230769230769 0.833333333333 0.208333333333 0.807692307692
0.269230769231 0.833333333333 0.25 0.807692307692
0.269230769231 0.791666666667 0.291666666667 0.807692307692
0.307692307692 0.791666666667 0.333333333333 0.807692307692
0.384615384615 0.791666666667 0.375 0.807692307692
0.423076923077 0.833333333333 0.416666666667 0.807692307692
0.461538461538 0.791666666667 0.458333333333 0.807692307692
0.5 0.791666666667 0.5 0.807692307692
0.538461538462 0.791666666667 0.541666666667 0.807692307692
0.576923076923 0.833333333333 0.583333333333 0.807692307692
0.615384615385 0.791666666667 0.625 0.807692307692
0.692307692308 0.791666666667 0.666666666667 0.807692307692
0.730769230769 0.833333333333 0.708333333333 0.807692307692
0.769230769231 0.833333333333 0.75 0.807692307692
0.769230769231 0.791666666667 0.791666666667 0.807692307692
0.807692307692 0.791666666667 0.833333333333 0.807692307692
0.884615384615 0.791666666667 0.875 0.807692307692
0.923076923077 0.833333333333 0.916666666667 0.807692307692
0.961538461538 0.791666666667 0.958333333333 0.807692307692
0.0384615384615 0.875 0.0208333333333 0.846153846154
0.0769230769231 0.833333333333 0.0625 0.846153846154
0.115384615385 0.833333333333 0.104166666667 0.846153846154
0.153846153846 0.833333333333 0.145833333333 0.846153846154
0.192307692308 0.833333333333 0.1875 0.846153846154
0.230769230769 0.875 0.229166666667 0.846153846154
0.269230769231 0.875 0.270833333333 0.846153846154
0.307692307692 0.833333333333 0.3125 0.846153846154
0.346153846154 0.833333333333 0.354166666667 0.846153846154
0.384615384615 0.833333333333 0.395833333333 0.846153846154
0.461538461538 0.833333333333 0.4375 0.846153846154
0.461538461538 0.875 0.479166666667 0.846153846154
0.5 0.833333333333 0.520833333333 0.846153846154
0.538461538462 0.833333333333 0.5625 0.846153846154
0.615384615385 0.833333333333 0.604166666667 0.846153846154
0.653846153846 0.833333333333 0.645833333333 0.846153846154
0.692307692308 0.833333333333 0.6875 0.846153846154
0.730769230769 0.875 0.729166666667 0.846153846154
0.769230769231 0.875 0.770833333333 0.846153846154
0.807692307692 0.833333333333 0.8125 0.846153846154
0.846153846154 0.833333333333 0.854166666667 0.846153846154
0.884615384615 0.833333333333 0.895833333333 0.846153846154
0.961538461538 0.833333333333 0.9375 0.846153846154
0.0 0.833333333333 -0.0208333333333 0.846153846154
0.0 0.875 0.0 0.884615384615
0.0384615384615 0.916666666667 0.0416666666667 0.884615384615
0.0769230769231 0.875 0.0833333333333 0.884615384615
0.115384615385 0.875 0.125 0.884615384615
0.153846153846 0.875 0.166666666667 0.884615384615
0.192307692308 0.875 0.208333333333 0.884615384615
0.269230769231 0.916666666667 0.25 0.884615384615
0.307692307692 0.875 0.291666666667 0.884615384615
0.346153846154 0.875 0.333333333333 0.884615384615
0.384615384615 0.875 0.375 0.884615384615
0.423076923077 0.875 0.416666666667 0.884615384615
0.461538461538 0.916666666667 0.458333333333 0.884615384615
0.5 0.875 0.5 0.884615384615
0.538461538462 0.875 0.541666666667 0.884615384615
0.576923076923 0.875 0.583333333333 0.884615384615
0.615384615385 0.875 0.625 0.884615384615
0.653846153846 0.875 0.666666666667 0.884615384615
0.692307692308 0.875 0.708333333333 0.884615384615
0.730769230769 0.916666666667 0.75 0.884615384615
0.807692307692 0.875 0.791666666667 0.884615384615
0.846153846154 0.875 0.833333333333 0.884615384615
0.884615384615 0.875 0.875 0.884615384615
0.923076923077 0.875 0.916666666667 0.884615384615
0.961538461538 0.875 0.958333333333 0.884615384615
0.0 0.916666666667 0.0208333333333 0.923076923077
0.0769230769231 0.916666666667 0.0625 0.923076923077
0.115384615385 0.916666666667 0.104166666667 0.923076923077
0.153846153846 0.916666666667 0.145833333333 0.923076923077
0.192307692308 0.916666666667 0.1875 0.923076923077
0.230769230769 0.916666666667 0.229166666667 0.923076923077
0.269230769231 0.958333333333 0.270833333333 0.923076923077
0.307692307692 0.916666666667 0.3125 0.923076923077
0.346153846154 0.916666666667 0.354166666667 0.923076923077
0.384615384615 0.916666666667 0.395833333333 0.923076923077
0.423076923077 0.916666666667 0.4375 0.923076923077
0.5 0.916666666667 0.479166666667 0.923076923077
0.538461538462 0.916666666667 0.520833333333 0.923076923077
0.576923076923 0.916666666667 0.5625 0.923076923077
0.615384615385 0.916666666667 0.604166666667 0.923076923077
0.653846153846 0.916666666667 0.645833333333 0.923076923077
0.692307692308 0.916666666667 0.6875 0.923076923077
0.730769230769 0.958333333333 0.729166666667 0.923076923077
0.769230769231 0.916666666667 0.770833333333 0.923076923077
0.807692307692 0.916666666667 0.8125 0.923076923077
0.846153846154 0.916666666667 0.854166666667 0.923076923077
0.884615384615 0.916666666667 0.895833333333 0.923076923077
0.923076923077 0.916666666667 0.9375 0.923076923077
0.961538461538 0.916666666667 0.979166666667 0.923076923077
0.0 0.958333333333 0.0 0.961538461538
0.0384615384615 0.958333333333 0.0416666666667 0.961538461538
0.0769230769231 0.958333333333 0.0833333333333 0.961538461538
0.115384615385 0.958333333333 0.125 0.961538461538
0.153846153846 0.958333333333 0.166666666667 0.961538461538
0.192307692308 0.958333333333 0.208333333333 0.961538461538
0.230769230769 0.958333333333 0.25 0.961538461538
0.307692307692 0.958333333333 0.291666666667 0.961538461538
0.346153846154 0.958333333333 0.333333333333 0.961538461538
0.384615384615 0.958333333333 0.375 0.961538461538
0.423076923077 0.958333333333 0.416666666667 0.961538461538
0.461538461538 0.958333333333 0.458333333333 0.961538461538
0.5 0.958333333333 0.5 0.961538461538
0.538461538462 0.958333333333 0.541666666667 0.961538461538
0.576923076923 0.958333333333 0.583333333333 0.961538461538
0.615384615385 0.958333333333 0.625 0.961538461538
0.653846153846 0.958333333333 0.666666666667 0.961538461538
0.692307692308 0.958333333333 0.708333333333 0.961538461538
0.769230769231 0.958333333333 0.75 0.961538461538
0.807692307692 0.958333333333 0.791666666667 0.961538461538
0.846153846154 0.958333333333 0.833333333333 0.961538461538
0.884615384615 0.958333333333 0.875 0.961538461538
0.923076923077 0.958333333333 0.916666666667 0.961538461538
0.961538461538 0.958333333333 0.958333333333 0.961538461538
