0.0454545454545 0.0 0.025 0.0
0.0909090909091 0.0 0.075 0.0
0.136363636364 0.0 0.125 0.0
0.181818181818 0.0 0.175 0.0
0.227272727273 0.0 0.225 0.0
0.272727272727 0.0 0.275 0.0
0.318181818182 0.0 0.325 0.0
0.363636363636 0.0 0.375 0.0
0.409090909091 0.0 0.425 0.0
0.454545454545 0.0 0.475 0.0
0.5 0.0 0.525 0.0
0.590909090909 0.0 0.575 0.0
0.636363636364 0.0 0.625 0.0
0.681818181818 0.0 0.675 0.0
0.727272727273 0.0 0.725 0.0
0.772727272727 0.0 0.775 0.0
0.818181818182 0.0 0.825 0.0
0.863636363636 0.0 0.875 0.0
0.954545454545 0.0 0.925 0.0
0.0 0.0 -0.025 0.0
0.0 0.05 0.0 0.0454545454545
0.0454545454545 0.05 0.05 0.0454545454545
0.0909090909091 0.05 0.1 0.0454545454545
0.136363636364 0.05 0.15 0.0454545454545
0.181818181818 0.05 0.2 0.0454545454545
0.227272727273 0.05 0.25 0.0454545454545
0.318181818182 0.05 0.3 0.0454545454545
0.363636363636 0.05 0.35 0.0454545454545
0.409090909091 0.05 0.4 0.0454545454545
0.454545454545 0.05 0.45 0.0454545454545
0.5 0.05 0.5 0.0454545454545
0.545454545455 0.05 0.55 0.0454545454545
0.590909090909 0.05 0.6 0.0454545454545
0.636363636364 0.05 0.65 0.0454545454545
0.681818181818 0.05 0.7 0.0454545454545
0.727272727273 0.05 0.75 0.0454545454545
0.818181818182 0.05 0.8 0.0454545454545
0.863636363636 0.05 0.85 0.0454545454545
0.909090909091 0.05 0.9 0.0454545454545
0.954545454545 0.05 0.95 0.0454545454545
0.0 0.1 0.025 0.0909090909091
0.0909090909091 0.1 0.075 0.0909090909091
0.136363636364 0.1 0.125 0.0909090909091
0.181818181818 0.1 0.175 0.0909090909091
0.227272727273 0.1 0.225 0.0909090909091
0.272727272727 0.05 0.275 0.0909090909091
0.318181818182 0.1 0.325 0.0909090909091
0.363636363636 0.1 0.375 0.0909090909091
0.454545454545 0.1 0.425 0.0909090909091
0.5 0.1 0.475 0.0909090909091
0.545454545455 0.1 0.525 0.0909090909091
0.590909090909 0.1 0.575 0.0909090909091
0.636363636364 0.1 0.625 0.0909090909091
0.681818181818 0.1 0.675 0.0909090909091
0.727272727273 0.1 0.725 0.0909090909091
0.772727272727 0.05 0.775 0.0909090909091
0.818181818182 0.1 0.825 0.0909090909091
0.863636363636 0.1 0.875 0.0909090909091
0.909090909091 0.1 0.925 0.0909090909091
0.954545454545 0.1 0.975 0.0909090909091
0.0 0.15 0.0 0.136363636364
0.0454545454545 0.1 0.05 0.136363636364
0.0909090909091 0.15 0.1 0.136363636364
0.136363636364 0.15 0.15 0.136363636364
0.181818181818 0.15 0.2 0.136363636364
0.272727272727 0.1 0.25 0.136363636364
0.318181818182 0.15 0.3 0.136363636364
0.363636363636 0.15 0.35 0.136363636364
0.409090909091 0.1 0.4 0.136363636364
0.454545454545 0.15 0.45 0.136363636364
0.5 0.15 0.5 0.136363636364
0.545454545455 0.15 0.55 0.136363636364
0.590909090909 0.15 0.6 0.136363636364
0.636363636364 0.15 0.65 0.136363636364
0.681818181818 0.15 0.7 0.136363636364
0.772727272727 0.1 0.75 0.136363636364
0.818181818182 0.15 0.8 0.136363636364
0.863636363636 0.15 0.85 0.136363636364
0.909090909091 0.15 0.9 0.136363636364
0.954545454545 0.15 0.95 0.136363636364
0.0454545454545 0.15 0.025 0.181818181818
0.0909090909091 0.2 0.075 0.181818181818
0.136363636364 0.2 0.125 0.181818181818
0.181818181818 0.2 0.175 0.181818181818
0.227272727273 0.15 0.225 0.181818181818
0.272727272727 0.15 0.275 0.181818181818
0.318181818182 0.2 0.325 0.181818181818
0.363636363636 0.2 0.375 0.181818181818
0.409090909091 0.15 0.425 0.181818181818
0.454545454545 0.2 0.475 0.181818181818
0.5 0.2 0.525 0.181818181818
0.545454545455 0.2 0.575 0.181818181818
0.636363636364 0.2 0.625 0.181818181818
0.681818181818 0.2 0.675 0.181818181818
0.727272727273 0.15 0.725 0.181818181818
0.772727272727 0.15 0.775 0.181818181818
0.818181818182 0.2 0.825 0.181818181818
0.863636363636 0.2 0.875 0.181818181818
0.909090909091 0.2 0.925 0.181818181818
0.0 0.2 -0.025 0.181818181818
0.0 0.25 0.0 0.227272727273
0.0454545454545 0.2 0.05 0.227272727273
0.0909090909091 0.25 0.1 0.227272727273
0.136363636364 0.25 0.15 0.227272727273
0.181818181818 0.25 0.2 0.227272727273
0.227272727273 0.2 0.25 0.227272727273
0.272727272727 0.2 0.3 0.227272727273
0.318181818182 0.25 0.35 0.227272727273
0.409090909091 0.2 0.4 0.227272727273
0.454545454545 0.25 0.45 0.227272727273
0.5 0.25 0.5 0.227272727273
0.545454545455 0.25 0.55 0.227272727273
0.590909090909 0.2 0.6 0.227272727273
0.636363636364 0.25 0.65 0.227272727273
0.727272727273 0.2 0.7 0.227272727273
0.772727272727 0.25 0.75 0.227272727273
0.772727272727 0.2 0.8 0.227272727273
0.818181818182 0.25 0.85 0.227272727273
0.909090909091 0.25 0.9 0.227272727273
0.954545454545 0.2 0.95 0.227272727273
0.0454545454545 0.25 0.025 0.272727272727
0.0909090909091 0.3 0.075 0.272727272727
0.136363636364 0.3 0.125 0.272727272727
0.181818181818 0.3 0.175 0.272727272727
0.227272727273 0.25 0.225 0.272727272727
0.272727272727 0.25 0.275 0.272727272727
0.318181818182 0.3 0.325 0.272727272727
0.363636363636 0.25 0.375 0.272727272727
0.409090909091 0.25 0.425 0.272727272727
0.454545454545 0.3 0.475 0.272727272727
0.5 0.3 0.525 0.272727272727
0.590909090909 0.25 0.575 0.272727272727
0.636363636364 0.3 0.625 0.272727272727
0.681818181818 0.25 0.675 0.272727272727
0.727272727273 0.25 0.725 0.272727272727
0.772727272727 0.3 0.775 0.272727272727
0.818181818182 0.3 0.825 0.272727272727
0.863636363636 0.25 0.875 0.272727272727
0.954545454545 0.3 0.925 0.272727272727
0.954545454545 0.25 0.975 0.272727272727
0.0 0.3 0.0 0.318181818182
0.0454545454545 0.3 0.05 0.318181818182
0.0909090909091 0.35 0.1 0.318181818182
0.181818181818 0.35 0.15 0.318181818182
0.227272727273 0.3 0.2 0.318181818182
0.272727272727 0.3 0.25 0.318181818182
0.318181818182 0.35 0.3 0.318181818182
0.363636363636 0.3 0.35 0.318181818182
0.409090909091 0.3 0.4 0.318181818182
0.454545454545 0.35 0.45 0.318181818182
0.5 0.35 0.5 0.318181818182
0.545454545455 0.3 0.55 0.318181818182
0.590909090909 0.3 0.6 0.318181818182
0.681818181818 0.35 0.65 0.318181818182
0.681818181818 0.3 0.7 0.318181818182
0.727272727273 0.3 0.75 0.318181818182
0.818181818182 0.35 0.8 0.318181818182
0.863636363636 0.3 0.85 0.318181818182
0.909090909091 0.3 0.9 0.318181818182
0.954545454545 0.35 0.95 0.318181818182
0.0 0.35 0.025 0.363636363636
0.0454545454545 0.35 0.075 0.363636363636
0.136363636364 0.35 0.125 0.363636363636
0.181818181818 0.4 0.175 0.363636363636
0.227272727273 0.35 0.225 0.363636363636
0.272727272727 0.35 0.275 0.363636363636
0.318181818182 0.4 0.325 0.363636363636
0.363636363636 0.35 0.375 0.363636363636
0.409090909091 0.35 0.425 0.363636363636
0.5 0.4 0.475 0.363636363636
0.545454545455 0.35 0.525 0.363636363636
0.590909090909 0.35 0.575 0.363636363636
0.636363636364 0.35 0.625 0.363636363636
0.681818181818 0.4 0.675 0.363636363636
0.727272727273 0.35 0.725 0.363636363636
0.772727272727 0.35 0.775 0.363636363636
0.818181818182 0.4 0.825 0.363636363636
0.863636363636 0.35 0.875 0.363636363636
0.909090909091 0.35 0.925 0.363636363636
0.0 0.4 -0.025 0.363636363636
0.0 0.45 0.0 0.409090909091
0.0454545454545 0.4 0.05 0.409090909091
0.0909090909091 0.4 0.1 0.409090909091
0.136363636364 0.4 0.15 0.409090909091
0.227272727273 0.4 0.2 0.409090909091
0.272727272727 0.4 0.25 0.409090909091
0.318181818182 0.45 0.3 0.409090909091
0.363636363636 0.4 0.35 0.409090909091
0.409090909091 0.4 0.4 0.409090909091
0.454545454545 0.4 0.45 0.409090909091
0.5 0.45 0.5 0.409090909091
0.545454545455 0.4 0.55 0.409090909091
0.590909090909 0.4 0.6 0.409090909091
0.636363636364 0.4 0.65 0.409090909091
0.681818181818 0.45 0.7 0.409090909091
0.727272727273 0.4 0.75 0.409090909091
0.772727272727 0.4 0.8 0.409090909091
0.863636363636 0.4 0.85 0.409090909091
0.909090909091 0.4 0.9 0.409090909091
0.954545454545 0.4 0.95 0.409090909091
0.0454545454545 0.45 0.025 0.454545454545
0.0909090909091 0.45 0.075 0.454545454545
0.136363636364 0.45 0.125 0.454545454545
0.181818181818 0.45 0.175 0.454545454545
0.227272727273 0.45 0.225 0.454545454545
0.272727272727 0.45 0.275 0.454545454545
0.318181818182 0.5 0.325 0.454545454545
0.363636363636 0.45 0.375 0.454545454545
0.409090909091 0.45 0.425 0.454545454545
0.454545454545 0.45 0.475 0.454545454545
0.545454545455 0.45 0.525 0.454545454545
0.590909090909 0.45 0.575 0.454545454545
0.636363636364 0.45 0.625 0.454545454545
0.681818181818 0.5 0.675 0.454545454545
0.727272727273 0.45 0.725 0.454545454545
0.772727272727 0.45 0.775 0.454545454545
0.818181818182 0.45 0.825 0.454545454545
0.863636363636 0.45 0.875 0.454545454545
0.909090909091 0.45 0.925 0.454545454545
0.954545454545 0.45 0.975 0.454545454545
0.0 0.5 0.0 0.5
0.0454545454545 0.5 0.05 0.5
0.0909090909091 0.5 0.1 0.5
0.136363636364 0.5 0.15 0.5
0.181818181818 0.5 0.2 0.5
0.227272727273 0.5 0.25 0.5
0.272727272727 0.5 0.3 0.5
0.363636363636 0.5 0.35 0.5
0.409090909091 0.5 0.4 0.5
0.454545454545 0.5 0.45 0.5
0.5 0.5 0.5 0.5
0.545454545455 0.5 0.55 0.5
0.590909090909 0.5 0.6 0.5
0.636363636364 0.5 0.65 0.5
0.727272727273 0.5 0.7 0.5
0.772727272727 0.5 0.75 0.5
0.818181818182 0.5 0.8 0.5
0.863636363636 0.5 0.85 0.5
0.909090909091 0.5 0.9 0.5
0.954545454545 0.5 0.95 0.5
0.0454545454545 0.55 0.025 0.545454545455
0.0909090909091 0.55 0.075 0.545454545455
0.136363636364 0.55 0.125 0.545454545455
0.181818181818 0.55 0.175 0.545454545455
0.227272727273 0.55 0.225 0.545454545455
0.272727272727 0.55 0.275 0.545454545455
0.318181818182 0.55 0.325 0.545454545455
0.363636363636 0.55 0.375 0.545454545455
0.409090909091 0.55 0.425 0.545454545455
0.454545454545 0.55 0.475 0.545454545455
0.545454545455 0.55 0.525 0.545454545455
0.590909090909 0.55 0.575 0.545454545455
0.636363636364 0.55 0.625 0.545454545455
0.681818181818 0.55 0.675 0.545454545455
0.727272727273 0.55 0.725 0.545454545455
0.772727272727 0.55 0.775 0.545454545455
0.818181818182 0.55 0.825 0.545454545455
0.863636363636 0.55 0.875 0.545454545455
0.909090909091 0.55 0.925 0.545454545455
0.954545454545 0.55 0.975 0.545454545455
0.0 0.55 0.0 0.590909090909
0.0454545454545 0.6 0.05 0.590909090909
0.0909090909091 0.6 0.1 0.590909090909
0.136363636364 0.6 0.15 0.590909090909
0.181818181818 0.6 0.2 0.590909090909
0.227272727273 0.6 0.25 0.590909090909
0.272727272727 0.6 0.3 0.590909090909
0.363636363636 0.6 0.35 0.590909090909
0.409090909091 0.6 0.4 0.590909090909
0.454545454545 0.6 0.45 0.590909090909
0.5 0.55 0.5 0.590909090909
0.545454545455 0.6 0.55 0.590909090909
0.590909090909 0.6 0.6 0.590909090909
0.636363636364 0.6 0.65 0.590909090909
0.727272727273 0.6 0.7 0.590909090909
0.772727272727 0.6 0.75 0.590909090909
0.818181818182 0.6 0.8 0.590909090909
0.863636363636 0.6 0.85 0.590909090909
0.909090909091 0.6 0.9 0.590909090909
0.954545454545 0.6 0.95 0.590909090909
0.0 0.6 0.025 0.636363636364
0.0454545454545 0.65 0.075 0.636363636364
0.136363636364 0.65 0.125 0.636363636364
0.181818181818 0.65 0.175 0.636363636364
0.227272727273 0.65 0.225 0.636363636364
0.272727272727 0.65 0.275 0.636363636364
0.318181818182 0.6 0.325 0.636363636364
0.363636363636 0.65 0.375 0.636363636364
0.409090909091 0.65 0.425 0.636363636364
0.454545454545 0.65 0.475 0.636363636364
0.5 0.6 0.525 0.636363636364
0.545454545455 0.65 0.575 0.636363636364
0.636363636364 0.65 0.625 0.636363636364
0.681818181818 0.6 0.675 0.636363636364
0.727272727273 0.65 0.725 0.636363636364
0.772727272727 0.65 0.775 0.636363636364
0.818181818182 0.65 0.825 0.636363636364
0.863636363636 0.65 0.875 0.636363636364
0.909090909091 0.65 0.925 0.636363636364
0.0 0.65 -0.025 0.636363636364
0.0 0.7 0.0 0.681818181818
0.0454545454545 0.7 0.05 0.681818181818
0.0909090909091 0.65 0.1 0.681818181818
0.136363636364 0.7 0.15 0.681818181818
0.181818181818 0.7 0.2 0.681818181818
0.227272727273 0.7 0.25 0.681818181818
0.318181818182 0.7 0.3 0.681818181818
0.318181818182 0.65 0.35 0.681818181818
0.409090909091 0.7 0.4 0.681818181818
0.454545454545 0.7 0.45 0.681818181818
0.5 0.65 0.5 0.681818181818
0.545454545455 0.7 0.55 0.681818181818
0.590909090909 0.65 0.6 0.681818181818
0.636363636364 0.7 0.65 0.681818181818
0.681818181818 0.65 0.7 0.681818181818
0.727272727273 0.7 0.75 0.681818181818
0.818181818182 0.7 0.8 0.681818181818
0.863636363636 0.7 0.85 0.681818181818
0.909090909091 0.7 0.9 0.681818181818
0.954545454545 0.65 0.95 0.681818181818
0.0 0.75 0.025 0.727272727273
0.0909090909091 0.75 0.075 0.727272727273
0.0909090909091 0.7 0.125 0.727272727273
0.181818181818 0.75 0.175 0.727272727273
0.227272727273 0.75 0.225 0.727272727273
0.272727272727 0.7 0.275 0.727272727273
0.318181818182 0.75 0.325 0.727272727273
0.363636363636 0.7 0.375 0.727272727273
0.409090909091 0.75 0.425 0.727272727273
0.454545454545 0.75 0.475 0.727272727273
0.5 0.7 0.525 0.727272727273
0.590909090909 0.7 0.575 0.727272727273
0.636363636364 0.75 0.625 0.727272727273
0.681818181818 0.7 0.675 0.727272727273
0.727272727273 0.75 0.725 0.727272727273
0.772727272727 0.7 0.775 0.727272727273
0.818181818182 0.75 0.825 0.727272727273
0.863636363636 0.75 0.875 0.727272727273
0.909090909091 0.75 0.925 0.727272727273
0.954545454545 0.7 0.975 0.727272727273
0.0 0.8 0.0 0.772727272727
0.0454545454545 0.75 0.05 0.772727272727
0.0909090909091 0.8 0.1 0.772727272727
0.136363636364 0.75 0.15 0.772727272727
0.227272727273 0.8 0.2 0.772727272727
0.272727272727 0.75 0.25 0.772727272727
0.272727272727 0.8 0.3 0.772727272727
0.363636363636 0.75 0.35 0.772727272727
0.409090909091 0.8 0.4 0.772727272727
0.454545454545 0.8 0.45 0.772727272727
0.5 0.75 0.5 0.772727272727
0.545454545455 0.75 0.55 0.772727272727
0.590909090909 0.75 0.6 0.772727272727
0.636363636364 0.8 0.65 0.772727272727
0.681818181818 0.75 0.7 0.772727272727
0.772727272727 0.8 0.75 0.772727272727
0.772727272727 0.75 0.8 0.772727272727
0.863636363636 0.8 0.85 0.772727272727
0.909090909091 0.8 0.9 0.772727272727
0.954545454545 0.75 0.95 0.772727272727
0.0454545454545 0.8 0.025 0.818181818182
0.0909090909091 0.85 0.075 0.818181818182
0.136363636364 0.8 0.125 0.818181818182
0.181818181818 0.8 0.175 0.818181818182
0.227272727273 0.85 0.225 0.818181818182
0.272727272727 0.85 0.275 0.818181818182
0.318181818182 0.8 0.325 0.818181818182
0.363636363636 0.8 0.375 0.818181818182
0.409090909091 0.85 0.425 0.818181818182
0.5 0.8 0.475 0.818181818182
0.545454545455 0.8 0.525 0.818181818182
0.590909090909 0.85 0.575 0.818181818182
0.590909090909 0.8 0.625 0.818181818182
0.681818181818 0.8 0.675 0.818181818182
0.727272727273 0.8 0.725 0.818181818182
0.772727272727 0.85 0.775 0.818181818182
0.818181818182 0.8 0.825 0.818181818182
0.863636363636 0.85 0.875 0.818181818182
0.909090909091 0.85 0.925 0.818181818182
0.954545454545 0.8 0.975 0.818181818182
0.0 0.85 0.0 0.863636363636
0.0454545454545 0.85 0.05 0.863636363636
0.0909090909091 0.9 0.1 0.863636363636
0.136363636364 0.85 0.15 0.863636363636
0.181818181818 0.85 0.2 0.863636363636
0.227272727273 0.9 0.25 0.863636363636
0.318181818182 0.85 0.3 0.863636363636
0.363636363636 0.85 0.35 0.863636363636
0.409090909091 0.9 0.4 0.863636363636
0.454545454545 0.85 0.45 0.863636363636
0.5 0.85 0.5 0.863636363636
0.545454545455 0.85 0.55 0.863636363636
0.590909090909 0.9 0.6 0.863636363636
0.636363636364 0.85 0.65 0.863636363636
0.681818181818 0.85 0.7 0.863636363636
0.727272727273 0.85 0.75 0.863636363636
0.818181818182 0.85 0.8 0.863636363636
0.863636363636 0.9 0.85 0.863636363636
0.909090909091 0.9 0.9 0.863636363636
0.954545454545 0.85 0.95 0.863636363636
0.0 0.9 0.025 0.909090909091
0.0454545454545 0.9 0.075 0.909090909091
0.136363636364 0.9 0.125 0.909090909091
0.181818181818 0.9 0.175 0.909090909091
0.227272727273 0.95 0.225 0.909090909091
0.272727272727 0.9 0.275 0.909090909091
0.318181818182 0.9 0.325 0.909090909091
0.363636363636 0.9 0.375 0.909090909091
0.454545454545 0.9 0.425 0.909090909091
0.5 0.9 0.475 0.909090909091
0.545454545455 0.95 0.525 0.909090909091
0.545454545455 0.9 0.575 0.909090909091
0.636363636364 0.9 0.625 0.909090909091
0.681818181818 0.9 0.675 0.909090909091
0.727272727273 0.9 0.725 0.909090909091
0.772727272727 0.9 0.775 0.909090909091
0.818181818182 0.9 0.825 0.909090909091
0.863636363636 0.95 0.875 0.909090909091
0.909090909091 0.95 0.925 0.909090909091
0.954545454545 0.9 0.975 0.909090909091
0.0 0.95 0.0 0.954545454545
0.0454545454545 0.95 0.05 0.954545454545
0.0909090909091 0.95 0.1 0.954545454545
0.136363636364 0.95 0.15 0.954545454545
0.181818181818 0.95 0.2 0.954545454545
0.272727272727 0.95 0.25 0.954545454545
0.318181818182 0.95 0.3 0.954545454545
0.363636363636 0.95 0.35 0.954545454545
0.409090909091 0.95 0.4 0.954545454545
0.454545454545 0.95 0.45 0.954545454545
0.5 0.95 0.5 0.954545454545
0.545454545455 0.0 0.55 -0.0454545454545
0.590909090909 0.95 0.6 0.954545454545
0.636363636364 0.95 0.65 0.954545454545
0.681818181818 0.95 0.7 0.954545454545
0.727272727273 0.95 0.75 0.954545454545
0.772727272727 0.95 0.8 0.954545454545
0.818181818182 0.95 0.85 0.954545454545
0.909090909091 0.0 0.9 -0.0454545454545
0.954545454545 0.95 0.95 0.954545454545
