0.05 0.0 0.0277777777778 0.0
0.1 0.0 0.0833333333333 0.0
0.15 0.0 0.138888888889 0.0
0.2 0.0 0.194444444444 0.0
0.25 0.0 0.25 0.0
0.3 0.0 0.305555555556 0.0
0.35 0.0 0.361111111111 0.0
0.4 0.0 0.416666666667 0.0
0.5 0.0 0.472222222222 0.0
0.55 0.0 0.527777777778 0.0
0.6 0.0 0.583333333333 0.0
0.65 0.0 0.638888888889 0.0
0.7 0.0 0.694444444444 0.0
0.75 0.0 0.75 0.0
0.8 0.0 0.805555555556 0.0
0.85 0.0 0.861111111111 0.0
0.9 0.0 0.916666666667 0.0
0.0 0.0 -0.0277777777778 0.0
0.0 0.0555555555556 0.0 0.05
0.05 0.0555555555556 0.0555555555556 0.05
0.1 0.0555555555556 0.111111111111 0.05
0.15 0.0555555555556 0.166666666667 0.05
0.2 0.0555555555556 0.222222222222 0.05
0.25 0.0555555555556 0.277777777778 0.05
0.35 0.0555555555556 0.333333333333 0.05
0.4 0.0555555555556 0.388888888889 0.05
0.45 0.0 0.444444444444 0.05
0.5 0.0555555555556 0.5 0.05
0.55 0.0555555555556 0.555555555556 0.05
0.6 0.0555555555556 0.611111111111 0.05
0.65 0.0555555555556 0.666666666667 0.05
0.7 0.0555555555556 0.722222222222 0.05
0.75 0.0555555555556 0.777777777778 0.05
0.85 0.0555555555556 0.833333333333 0.05
0.9 0.0555555555556 0.888888888889 0.05
0.95 0.0 0.944444444444 0.05
0.05 0.111111111111 0.0277777777778 0.1
0.1 0.111111111111 0.0833333333333 0.1
0.15 0.111111111111 0.138888888889 0.1
0.2 0.111111111111 0.194444444444 0.1
0.25 0.111111111111 0.25 0.1
0.3 0.0555555555556 0.305555555556 0.1
0.35 0.111111111111 0.361111111111 0.1
0.4 0.111111111111 0.416666666667 0.1
0.45 0.0555555555556 0.472222222222 0.1
0.55 0.111111111111 0.527777777778 0.1
0.6 0.111111111111 0.583333333333 0.1
0.65 0.111111111111 0.638888888889 0.1
0.7 0.111111111111 0.694444444444 0.1
0.75 0.111111111111 0.75 0.1
0.8 0.0555555555556 0.805555555556 0.1
0.85 0.111111111111 0.861111111111 0.1
0.9 0.111111111111 0.916666666667 0.1
0.95 0.0555555555556 0.972222222222 0.1
0.0 0.111111111111 0.0 0.15
0.05 0.166666666667 0.0555555555556 0.15
0.1 0.166666666667 0.111111111111 0.15
0.2 0.166666666667 0.166666666667 0.15
0.25 0.166666666667 0.222222222222 0.15
0.3 0.111111111111 0.277777777778 0.15
0.35 0.166666666667 0.333333333333 0.15
0.4 0.166666666667 0.388888888889 0.15
0.45 0.111111111111 0.444444444444 0.15
0.5 0.111111111111 0.5 0.15
0.55 0.166666666667 0.555555555556 0.15
0.6 0.166666666667 0.611111111111 0.15
0.65 0.166666666667 0.666666666667 0.15
0.7 0.166666666667 0.722222222222 0.15
0.8 0.111111111111 0.777777777778 0.15
0.8 0.166666666667 0.833333333333 0.15
0.9 0.166666666667 0.888888888889 0.15
0.95 0.111111111111 0.944444444444 0.15
0.0 0.166666666667 0.0277777777778 0.2
0.1 0.222222222222 0.0833333333333 0.2
0.15 0.166666666667 0.138888888889 0.2
0.2 0.222222222222 0.194444444444 0.2
0.25 0.222222222222 0.25 0.2
0.3 0.166666666667 0.305555555556 0.2
0.35 0.222222222222 0.361111111111 0.2
0.4 0.222222222222 0.416666666667 0.2
0.45 0.166666666667 0.472222222222 0.2
0.5 0.166666666667 0.527777777778 0.2
0.6 0.222222222222 0.583333333333 0.2
0.65 0.222222222222 0.638888888889 0.2
0.7 0.222222222222 0.694444444444 0.2
0.75 0.166666666667 0.75 0.2
0.8 0.222222222222 0.805555555556 0.2
0.85 0.166666666667 0.861111111111 0.2
0.95 0.166666666667 0.916666666667 0.2
0.95 0.222222222222 0.972222222222 0.2
0.0 0.222222222222 0.0 0.25
0.05 0.222222222222 0.0555555555556 0.25
0.1 0.277777777778 0.111111111111 0.25
0.15 0.222222222222 0.166666666667 0.25
0.25 0.277777777778 0.222222222222 0.25
0.3 0.277777777778 0.277777777778 0.25
0.3 0.222222222222 0.333333333333 0.25
0.4 0.277777777778 0.388888888889 0.25
0.45 0.222222222222 0.444444444444 0.25
0.5 0.222222222222 0.5 0.25
0.55 0.222222222222 0.555555555556 0.25
0.6 0.277777777778 0.611111111111 0.25
0.65 0.277777777778 0.666666666667 0.25
0.75 0.222222222222 0.722222222222 0.25
0.75 0.277777777778 0.777777777778 0.25
0.85 0.222222222222 0.833333333333 0.25
0.9 0.222222222222 0.888888888889 0.25
0.95 0.277777777778 0.944444444444 0.25
0.0 0.277777777778 0.0277777777778 0.3
0.05 0.277777777778 0.0833333333333 0.3
0.15 0.277777777778 0.138888888889 0.3
0.2 0.277777777778 0.194444444444 0.3
0.25 0.333333333333 0.25 0.3
0.3 0.333333333333 0.305555555556 0.3
0.35 0.277777777778 0.361111111111 0.3
0.45 0.277777777778 0.416666666667 0.3
0.5 0.277777777778 0.472222222222 0.3
0.5 0.333333333333 0.527777777778 0.3
0.55 0.277777777778 0.583333333333 0.3
0.65 0.333333333333 0.638888888889 0.3
0.7 0.277777777778 0.694444444444 0.3
0.75 0.333333333333 0.75 0.3
0.8 0.277777777778 0.805555555556 0.3
0.85 0.277777777778 0.861111111111 0.3
0.9 0.277777777778 0.916666666667 0.3
0.0 0.333333333333 -0.0277777777778 0.3
0.0 0.388888888889 0.0 0.35
0.05 0.333333333333 0.0555555555556 0.35
0.1 0.333333333333 0.111111111111 0.35
0.15 0.333333333333 0.166666666667 0.35
0.2 0.333333333333 0.222222222222 0.35
0.25 0.388888888889 0.277777777778 0.35
0.35 0.333333333333 0.333333333333 0.35
0.4 0.333333333333 0.388888888889 0.35
0.45 0.333333333333 0.444444444444 0.35
0.5 0.388888888889 0.5 0.35
0.55 0.333333333333 0.555555555556 0.35
0.6 0.333333333333 0.611111111111 0.35
0.7 0.333333333333 0.666666666667 0.35
0.75 0.388888888889 0.722222222222 0.35
0.8 0.333333333333 0.777777777778 0.35
0.85 0.333333333333 0.833333333333 0.35
0.9 0.333333333333 0.888888888889 0.35
0.95 0.333333333333 0.944444444444 0.35
0.05 0.388888888889 0.0277777777778 0.4
0.1 0.388888888889 0.0833333333333 0.4
0.15 0.388888888889 0.138888888889 0.4
0.2 0.388888888889 0.194444444444 0.4
0.25 0.444444444444 0.25 0.4
0.3 0.388888888889 0.305555555556 0.4
0.35 0.388888888889 0.361111111111 0.4
0.4 0.388888888889 0.416666666667 0.4
0.45 0.388888888889 0.472222222222 0.4
0.55 0.388888888889 0.527777777778 0.4
0.6 0.388888888889 0.583333333333 0.4
0.65 0.388888888889 0.638888888889 0.4
0.7 0.388888888889 0.694444444444 0.4
0.75 0.444444444444 0.75 0.4
0.8 0.388888888889 0.805555555556 0.4
0.85 0.388888888889 0.861111111111 0.4
0.9 0.388888888889 0.916666666667 0.4
0.95 0.388888888889 0.972222222222 0.4
0.0 0.444444444444 0.0 0.45
0.05 0.444444444444 0.0555555555556 0.45
0.1 0.444444444444 0.111111111111 0.45
0.15 0.444444444444 0.166666666667 0.45
0.2 0.444444444444 0.222222222222 0.45
0.3 0.444444444444 0.277777777778 0.45
0.35 0.444444444444 0.333333333333 0.45
0.4 0.444444444444 0.388888888889 0.45
0.45 0.444444444444 0.444444444444 0.45
0.5 0.444444444444 0.5 0.45
0.55 0.444444444444 0.555555555556 0.45
0.6 0.444444444444 0.611111111111 0.45
0.65 0.444444444444 0.666666666667 0.45
0.7 0.444444444444 0.722222222222 0.45
0.8 0.444444444444 0.777777777778 0.45
0.85 0.444444444444 0.833333333333 0.45
0.9 0.444444444444 0.888888888889 0.45
0.95 0.444444444444 0.944444444444 0.45
0.0 0.5 0.0277777777778 0.5
0.1 0.5 0.0833333333333 0.5
0.15 0.5 0.138888888889 0.5
0.2 0.5 0.194444444444 0.5
0.25 0.5 0.25 0.5
0.3 0.5 0.305555555556 0.5
0.35 0.5 0.361111111111 0.5
0.4 0.5 0.416666666667 0.5
0.45 0.5 0.472222222222 0.5
0.5 0.5 0.527777777778 0.5
0.6 0.5 0.583333333333 0.5
0.65 0.5 0.638888888889 0.5
0.7 0.5 0.694444444444 0.5
0.75 0.5 0.75 0.5
0.8 0.5 0.805555555556 0.5
0.85 0.5 0.861111111111 0.5
0.9 0.5 0.916666666667 0.5
0.95 0.5 0.972222222222 0.5
0.0 0.555555555556 0.0 0.55
0.05 0.5 0.0555555555556 0.55
0.1 0.555555555556 0.111111111111 0.55
0.15 0.555555555556 0.166666666667 0.55
0.2 0.555555555556 0.222222222222 0.55
0.25 0.555555555556 0.277777777778 0.55
0.35 0.555555555556 0.333333333333 0.55
0.4 0.555555555556 0.388888888889 0.55
0.45 0.555555555556 0.444444444444 0.55
0.5 0.555555555556 0.5 0.55
0.55 0.5 0.555555555556 0.55
0.6 0.555555555556 0.611111111111 0.55
0.65 0.555555555556 0.666666666667 0.55
0.7 0.555555555556 0.722222222222 0.55
0.75 0.555555555556 0.777777777778 0.55
0.85 0.555555555556 0.833333333333 0.55
0.9 0.555555555556 0.888888888889 0.55
0.95 0.555555555556 0.944444444444 0.55
0.05 0.555555555556 0.0277777777778 0.6
0.05 0.611111111111 0.0833333333333 0.6
0.15 0.611111111111 0.138888888889 0.6
0.2 0.611111111111 0.194444444444 0.6
0.25 0.611111111111 0.25 0.6
0.3 0.555555555556 0.305555555556 0.6
0.35 0.611111111111 0.361111111111 0.6
0.4 0.611111111111 0.416666666667 0.6
0.45 0.611111111111 0.472222222222 0.6
0.55 0.555555555556 0.527777777778 0.6
0.55 0.611111111111 0.583333333333 0.6
0.65 0.611111111111 0.638888888889 0.6
0.7 0.611111111111 0.694444444444 0.6
0.75 0.611111111111 0.75 0.6
0.8 0.555555555556 0.805555555556 0.6
0.85 0.611111111111 0.861111111111 0.6
0.9 0.611111111111 0.916666666667 0.6
0.95 0.611111111111 0.972222222222 0.6
0.0 0.611111111111 0.0 0.65
0.05 0.666666666667 0.0555555555556 0.65
0.1 0.611111111111 0.111111111111 0.65
0.15 0.666666666667 0.166666666667 0.65
0.2 0.666666666667 0.222222222222 0.65
0.3 0.611111111111 0.277777777778 0.65
0.35 0.666666666667 0.333333333333 0.65
0.4 0.666666666667 0.388888888889 0.65
0.45 0.666666666667 0.444444444444 0.65
0.5 0.611111111111 0.5 0.65
0.55 0.666666666667 0.555555555556 0.65
0.6 0.611111111111 0.611111111111 0.65
0.65 0.666666666667 0.666666666667 0.65
0.7 0.666666666667 0.722222222222 0.65
0.8 0.611111111111 0.777777777778 0.65
0.8 0.666666666667 0.833333333333 0.65
0.9 0.666666666667 0.888888888889 0.65
0.95 0.666666666667 0.944444444444 0.65
0.05 0.722222222222 0.0277777777778 0.7
0.1 0.666666666667 0.0833333333333 0.7
0.15 0.722222222222 0.138888888889 0.7
0.2 0.722222222222 0.194444444444 0.7
0.25 0.666666666667 0.25 0.7
0.3 0.666666666667 0.305555555556 0.7
0.35 0.722222222222 0.361111111111 0.7
0.4 0.722222222222 0.416666666667 0.7
0.5 0.666666666667 0.472222222222 0.7
0.55 0.722222222222 0.527777777778 0.7
0.6 0.666666666667 0.583333333333 0.7
0.65 0.722222222222 0.638888888889 0.7
0.7 0.722222222222 0.694444444444 0.7
0.75 0.666666666667 0.75 0.7
0.8 0.722222222222 0.805555555556 0.7
0.85 0.666666666667 0.861111111111 0.7
0.9 0.722222222222 0.916666666667 0.7
0.0 0.666666666667 -0.0277777777778 0.7
0.0 0.722222222222 0.0 0.75
0.05 0.777777777778 0.0555555555556 0.75
0.1 0.722222222222 0.111111111111 0.75
0.2 0.777777777778 0.166666666667 0.75
0.25 0.722222222222 0.222222222222 0.75
0.3 0.722222222222 0.277777777778 0.75
0.3 0.777777777778 0.333333333333 0.75
0.4 0.777777777778 0.388888888889 0.75
0.45 0.722222222222 0.444444444444 0.75
0.5 0.722222222222 0.5 0.75
0.55 0.777777777778 0.555555555556 0.75
0.6 0.722222222222 0.611111111111 0.75
0.7 0.777777777778 0.666666666667 0.75
0.75 0.777777777778 0.722222222222 0.75
0.75 0.722222222222 0.777777777778 0.75
0.85 0.722222222222 0.833333333333 0.75
0.9 0.777777777778 0.888888888889 0.75
0.95 0.722222222222 0.944444444444 0.75
0.0 0.777777777778 0.0277777777778 0.8
0.1 0.777777777778 0.0833333333333 0.8
0.15 0.777777777778 0.138888888889 0.8
0.2 0.833333333333 0.194444444444 0.8
0.25 0.777777777778 0.25 0.8
0.3 0.833333333333 0.305555555556 0.8
0.35 0.777777777778 0.361111111111 0.8
0.45 0.777777777778 0.416666666667 0.8
0.5 0.833333333333 0.472222222222 0.8
0.5 0.777777777778 0.527777777778 0.8
0.6 0.777777777778 0.583333333333 0.8
0.65 0.777777777778 0.638888888889 0.8
0.7 0.833333333333 0.694444444444 0.8
0.75 0.833333333333 0.75 0.8
0.8 0.777777777778 0.805555555556 0.8
0.85 0.777777777778 0.861111111111 0.8
0.95 0.777777777778 0.916666666667 0.8
0.0 0.833333333333 -0.0277777777778 0.8
0.0 0.888888888889 0.0 0.85
0.05 0.833333333333 0.0555555555556 0.85
0.1 0.833333333333 0.111111111111 0.85
0.15 0.833333333333 0.166666666667 0.85
0.25 0.833333333333 0.222222222222 0.85
0.3 0.888888888889 0.277777777778 0.85
0.35 0.833333333333 0.333333333333 0.85
0.4 0.833333333333 0.388888888889 0.85
0.45 0.833333333333 0.444444444444 0.85
0.5 0.888888888889 0.5 0.85
0.55 0.833333333333 0.555555555556 0.85
0.6 0.833333333333 0.611111111111 0.85
0.65 0.833333333333 0.666666666667 0.85
0.75 0.888888888889 0.722222222222 0.85
0.8 0.833333333333 0.777777777778 0.85
0.85 0.833333333333 0.833333333333 0.85
0.9 0.833333333333 0.888888888889 0.85
0.95 0.833333333333 0.944444444444 0.85
0.05 0.888888888889 0.0277777777778 0.9
0.1 0.888888888889 0.0833333333333 0.9
0.15 0.888888888889 0.138888888889 0.9
0.2 0.888888888889 0.194444444444 0.9
0.25 0.888888888889 0.25 0.9
0.3 0.944444444444 0.305555555556 0.9
0.35 0.888888888889 0.361111111111 0.9
0.4 0.888888888889 0.416666666667 0.9
0.45 0.888888888889 0.472222222222 0.9
0.55 0.888888888889 0.527777777778 0.9
0.6 0.888888888889 0.583333333333 0.9
0.65 0.888888888889 0.638888888889 0.9
0.7 0.888888888889 0.694444444444 0.9
0.75 0.944444444444 0.75 0.9
0.8 0.888888888889 0.805555555556 0.9
0.85 0.888888888889 0.861111111111 0.9
0.9 0.888888888889 0.916666666667 0.9
0.95 0.888888888889 0.972222222222 0.9
0.0 0.944444444444 0.0 0.95
0.05 0.944444444444 0.0555555555556 0.95
0.1 0.944444444444 0.111111111111 0.95
0.15 0.944444444444 0.166666666667 0.95
0.2 0.944444444444 0.222222222222 0.95
0.25 0.944444444444 0.277777777778 0.95
0.35 0.944444444444 0.333333333333 0.95
0.4 0.944444444444 0.388888888889 0.95
0.45 0.944444444444 0.444444444444 0.95
0.5 0.944444444444 0.5 0.95
0.55 0.944444444444 0.555555555556 0.95
0.6 0.944444444444 0.611111111111 0.95
0.65 0.944444444444 0.666666666667 0.95
0.7 0.944444444444 0.722222222222 0.95
0.8 0.944444444444 0.777777777778 0.95
0.85 0.944444444444 0.833333333333 0.95
0.9 0.944444444444 0.888888888889 0.95
0.95 0.944444444444 0.944444444444 0.95
