0.0 0.0 0.03125 0.0
0.0555555555556 0.0 0.09375 0.0
0.166666666667 0.0 0.15625 0.0
0.222222222222 0.0 0.21875 0.0
0.277777777778 0.0 0.28125 0.0
0.333333333333 0.0 0.34375 0.0
0.444444444444 0.0 0.40625 0.0
0.5 0.0 0.46875 0.0
0.555555555556 0.0 0.53125 0.0
0.611111111111 0.0 0.59375 0.0
0.666666666667 0.0 0.65625 0.0
0.722222222222 0.0 0.71875 0.0
0.777777777778 0.0 0.78125 0.0
0.833333333333 0.0 0.84375 0.0
0.888888888889 0.0 0.90625 0.0
0.944444444444 0.0 0.96875 0.0
0.0 0.0625 0.0 0.0555555555556
0.0555555555556 0.0625 0.0625 0.0555555555556
0.111111111111 0.0 0.125 0.0555555555556
0.222222222222 0.0625 0.1875 0.0555555555556
0.277777777778 0.0625 0.25 0.0555555555556
0.333333333333 0.0625 0.3125 0.0555555555556
0.388888888889 0.0 0.375 0.0555555555556
0.444444444444 0.0625 0.4375 0.0555555555556
0.5 0.0625 0.5 0.0555555555556
0.555555555556 0.0625 0.5625 0.0555555555556
0.611111111111 0.0625 0.625 0.0555555555556
0.666666666667 0.0625 0.6875 0.0555555555556
0.722222222222 0.0625 0.75 0.0555555555556
0.777777777778 0.0625 0.8125 0.0555555555556
0.888888888889 0.0625 0.875 0.0555555555556
0.944444444444 0.0625 0.9375 0.0555555555556
0.0 0.125 0.03125 0.111111111111
0.111111111111 0.0625 0.09375 0.111111111111
0.166666666667 0.0625 0.15625 0.111111111111
0.222222222222 0.125 0.21875 0.111111111111
0.277777777778 0.125 0.28125 0.111111111111
0.333333333333 0.125 0.34375 0.111111111111
0.388888888889 0.0625 0.40625 0.111111111111
0.444444444444 0.125 0.46875 0.111111111111
0.5 0.125 0.53125 0.111111111111
0.555555555556 0.125 0.59375 0.111111111111
0.666666666667 0.125 0.65625 0.111111111111
0.722222222222 0.125 0.71875 0.111111111111
0.777777777778 0.125 0.78125 0.111111111111
0.833333333333 0.0625 0.84375 0.111111111111
0.888888888889 0.125 0.90625 0.111111111111
0.944444444444 0.125 0.96875 0.111111111111
0.0 0.1875 0.0 0.166666666667
0.0555555555556 0.125 0.0625 0.166666666667
0.111111111111 0.125 0.125 0.166666666667
0.166666666667 0.125 0.1875 0.166666666667
0.222222222222 0.1875 0.25 0.166666666667
0.333333333333 0.1875 0.3125 0.166666666667
0.388888888889 0.125 0.375 0.166666666667
0.444444444444 0.1875 0.4375 0.166666666667
0.5 0.1875 0.5 0.166666666667
0.555555555556 0.1875 0.5625 0.166666666667
0.611111111111 0.125 0.625 0.166666666667
0.666666666667 0.1875 0.6875 0.166666666667
0.777777777778 0.1875 0.75 0.166666666667
0.833333333333 0.125 0.8125 0.166666666667
0.888888888889 0.1875 0.875 0.166666666667
0.944444444444 0.1875 0.9375 0.166666666667
0.0555555555556 0.1875 0.03125 0.222222222222
0.111111111111 0.1875 0.09375 0.222222222222
0.166666666667 0.1875 0.15625 0.222222222222
0.222222222222 0.25 0.21875 0.222222222222
0.277777777778 0.1875 0.28125 0.222222222222
0.333333333333 0.25 0.34375 0.222222222222
0.388888888889 0.1875 0.40625 0.222222222222
0.444444444444 0.25 0.46875 0.222222222222
0.555555555556 0.25 0.53125 0.222222222222
0.611111111111 0.1875 0.59375 0.222222222222
0.666666666667 0.25 0.65625 0.222222222222
0.722222222222 0.1875 0.71875 0.222222222222
0.777777777778 0.25 0.78125 0.222222222222
0.833333333333 0.1875 0.84375 0.222222222222
0.888888888889 0.25 0.90625 0.222222222222
0.944444444444 0.25 0.96875 0.222222222222
0.0 0.25 0.0 0.277777777778
0.0555555555556 0.25 0.0625 0.277777777778
0.111111111111 0.25 0.125 0.277777777778
0.166666666667 0.25 0.1875 0.277777777778
0.277777777778 0.3125 0.25 0.277777777778
0.277777777778 0.25 0.3125 0.277777777778
0.388888888889 0.25 0.375 0.277777777778
0.444444444444 0.3125 0.4375 0.277777777778
0.5 0.25 0.5 0.277777777778
0.555555555556 0.3125 0.5625 0.277777777778
0.611111111111 0.25 0.625 0.277777777778
0.722222222222 0.25 0.6875 0.277777777778
0.722222222222 0.3125 0.75 0.277777777778
0.833333333333 0.25 0.8125 0.277777777778
0.888888888889 0.3125 0.875 0.277777777778
0.944444444444 0.3125 0.9375 0.277777777778
0.0555555555556 0.3125 0.03125 0.333333333333
0.111111111111 0.3125 0.09375 0.333333333333
0.166666666667 0.3125 0.15625 0.333333333333
0.222222222222 0.3125 0.21875 0.333333333333
0.277777777778 0.375 0.28125 0.333333333333
0.333333333333 0.3125 0.34375 0.333333333333
0.388888888889 0.3125 0.40625 0.333333333333
0.5 0.3125 0.46875 0.333333333333
0.5 0.375 0.53125 0.333333333333
0.611111111111 0.3125 0.59375 0.333333333333
0.666666666667 0.3125 0.65625 0.333333333333
0.722222222222 0.375 0.71875 0.333333333333
0.777777777778 0.3125 0.78125 0.333333333333
0.833333333333 0.3125 0.84375 0.333333333333
0.888888888889 0.375 0.90625 0.333333333333
0.0 0.3125 -0.03125 0.333333333333
0.0 0.375 0.0 0.388888888889
0.0555555555556 0.375 0.0625 0.388888888889
0.111111111111 0.375 0.125 0.388888888889
0.166666666667 0.375 0.1875 0.388888888889
0.222222222222 0.375 0.25 0.388888888889
0.333333333333 0.375 0.3125 0.388888888889
0.388888888889 0.375 0.375 0.388888888889
0.444444444444 0.375 0.4375 0.388888888889
0.5 0.4375 0.5 0.388888888889
0.555555555556 0.375 0.5625 0.388888888889
0.611111111111 0.375 0.625 0.388888888889
0.666666666667 0.375 0.6875 0.388888888889
0.777777777778 0.375 0.75 0.388888888889
0.833333333333 0.375 0.8125 0.388888888889
0.888888888889 0.4375 0.875 0.388888888889
0.944444444444 0.375 0.9375 0.388888888889
0.0555555555556 0.4375 0.03125 0.444444444444
0.111111111111 0.4375 0.09375 0.444444444444
0.166666666667 0.4375 0.15625 0.444444444444
0.222222222222 0.4375 0.21875 0.444444444444
0.277777777778 0.4375 0.28125 0.444444444444
0.333333333333 0.4375 0.34375 0.444444444444
0.388888888889 0.4375 0.40625 0.444444444444
0.444444444444 0.4375 0.46875 0.444444444444
0.555555555556 0.4375 0.53125 0.444444444444
0.611111111111 0.4375 0.59375 0.444444444444
0.666666666667 0.4375 0.65625 0.444444444444
0.722222222222 0.4375 0.71875 0.444444444444
0.777777777778 0.4375 0.78125 0.444444444444
0.833333333333 0.4375 0.84375 0.444444444444
0.944444444444 0.4375 0.90625 0.444444444444
0.0 0.4375 -0.03125 0.444444444444
0.0 0.5 0.0 0.5
0.0555555555556 0.5 0.0625 0.5
0.166666666667 0.5 0.125 0.5
0.222222222222 0.5 0.1875 0.5
0.277777777778 0.5 0.25 0.5
0.333333333333 0.5 0.3125 0.5
0.388888888889 0.5 0.375 0.5
0.444444444444 0.5 0.4375 0.5
0.5 0.5 0.5 0.5
0.555555555556 0.5 0.5625 0.5
0.666666666667 0.5 0.625 0.5
0.722222222222 0.5 0.6875 0.5
0.777777777778 0.5 0.75 0.5
0.833333333333 0.5 0.8125 0.5
0.888888888889 0.5 0.875 0.5
0.944444444444 0.5 0.9375 0.5
0.0555555555556 0.5625 0.03125 0.555555555556
0.111111111111 0.5 0.09375 0.555555555556
0.166666666667 0.5625 0.15625 0.555555555556
0.222222222222 0.5625 0.21875 0.555555555556
0.277777777778 0.5625 0.28125 0.555555555556
0.333333333333 0.5625 0.34375 0.555555555556
0.444444444444 0.5625 0.40625 0.555555555556
0.5 0.5625 0.46875 0.555555555556
0.555555555556 0.5625 0.53125 0.555555555556
0.611111111111 0.5 0.59375 0.555555555556
0.666666666667 0.5625 0.65625 0.555555555556
0.722222222222 0.5625 0.71875 0.555555555556
0.777777777778 0.5625 0.78125 0.555555555556
0.833333333333 0.5625 0.84375 0.555555555556
0.944444444444 0.5625 0.90625 0.555555555556
0.0 0.5625 -0.03125 0.555555555556
0.0 0.625 0.0 0.611111111111
0.0555555555556 0.625 0.0625 0.611111111111
0.111111111111 0.5625 0.125 0.611111111111
0.166666666667 0.625 0.1875 0.611111111111
0.222222222222 0.625 0.25 0.611111111111
0.333333333333 0.625 0.3125 0.611111111111
0.388888888889 0.5625 0.375 0.611111111111
0.444444444444 0.625 0.4375 0.611111111111
0.5 0.625 0.5 0.611111111111
0.555555555556 0.625 0.5625 0.611111111111
0.611111111111 0.5625 0.625 0.611111111111
0.666666666667 0.625 0.6875 0.611111111111
0.722222222222 0.625 0.75 0.611111111111
0.833333333333 0.625 0.8125 0.611111111111
0.888888888889 0.5625 0.875 0.611111111111
0.944444444444 0.625 0.9375 0.611111111111
0.0555555555556 0.6875 0.03125 0.666666666667
0.111111111111 0.625 0.09375 0.666666666667
0.166666666667 0.6875 0.15625 0.666666666667
0.222222222222 0.6875 0.21875 0.666666666667
0.277777777778 0.625 0.28125 0.666666666667
0.333333333333 0.6875 0.34375 0.666666666667
0.388888888889 0.625 0.40625 0.666666666667
0.5 0.6875 0.46875 0.666666666667
0.555555555556 0.6875 0.53125 0.666666666667
0.611111111111 0.625 0.59375 0.666666666667
0.666666666667 0.6875 0.65625 0.666666666667
0.722222222222 0.6875 0.71875 0.666666666667
0.777777777778 0.625 0.78125 0.666666666667
0.833333333333 0.6875 0.84375 0.666666666667
0.888888888889 0.625 0.90625 0.666666666667
0.0 0.6875 -0.03125 0.666666666667
0.0 0.75 0.0 0.722222222222
0.0555555555556 0.75 0.0625 0.722222222222
0.111111111111 0.6875 0.125 0.722222222222
0.222222222222 0.75 0.1875 0.722222222222
0.277777777778 0.6875 0.25 0.722222222222
0.277777777778 0.75 0.3125 0.722222222222
0.388888888889 0.6875 0.375 0.722222222222
0.444444444444 0.6875 0.4375 0.722222222222
0.5 0.75 0.5 0.722222222222
0.555555555556 0.75 0.5625 0.722222222222
0.611111111111 0.6875 0.625 0.722222222222
0.722222222222 0.75 0.6875 0.722222222222
0.777777777778 0.6875 0.75 0.722222222222
0.833333333333 0.75 0.8125 0.722222222222
0.888888888889 0.6875 0.875 0.722222222222
0.944444444444 0.6875 0.9375 0.722222222222
0.0555555555556 0.8125 0.03125 0.777777777778
0.111111111111 0.75 0.09375 0.777777777778
0.166666666667 0.75 0.15625 0.777777777778
0.222222222222 0.8125 0.21875 0.777777777778
0.277777777778 0.8125 0.28125 0.777777777778
0.333333333333 0.75 0.34375 0.777777777778
0.388888888889 0.75 0.40625 0.777777777778
0.444444444444 0.75 0.46875 0.777777777778
0.555555555556 0.8125 0.53125 0.777777777778
0.611111111111 0.75 0.59375 0.777777777778
0.666666666667 0.75 0.65625 0.777777777778
0.722222222222 0.8125 0.71875 0.777777777778
0.777777777778 0.75 0.78125 0.777777777778
0.833333333333 0.8125 0.84375 0.777777777778
0.888888888889 0.75 0.90625 0.777777777778
0.944444444444 0.75 0.96875 0.777777777778
0.0 0.8125 0.0 0.833333333333
0.0555555555556 0.875 0.0625 0.833333333333
0.111111111111 0.8125 0.125 0.833333333333
0.166666666667 0.8125 0.1875 0.833333333333
0.277777777778 0.875 0.25 0.833333333333
0.333333333333 0.8125 0.3125 0.833333333333
0.388888888889 0.8125 0.375 0.833333333333
0.444444444444 0.8125 0.4375 0.833333333333
0.5 0.8125 0.5 0.833333333333
0.555555555556 0.875 0.5625 0.833333333333
0.611111111111 0.8125 0.625 0.833333333333
0.666666666667 0.8125 0.6875 0.833333333333
0.777777777778 0.8125 0.75 0.833333333333
0.833333333333 0.875 0.8125 0.833333333333
0.888888888889 0.8125 0.875 0.833333333333
0.944444444444 0.8125 0.9375 0.833333333333
0.0 0.875 0.03125 0.888888888889
0.111111111111 0.875 0.09375 0.888888888889
0.166666666667 0.875 0.15625 0.888888888889
0.222222222222 0.875 0.21875 0.888888888889
0.277777777778 0.9375 0.28125 0.888888888889
0.333333333333 0.875 0.34375 0.888888888889
0.388888888889 0.875 0.40625 0.888888888889
0.444444444444 0.875 0.46875 0.888888888889
0.5 0.875 0.53125 0.888888888889
0.611111111111 0.875 0.59375 0.888888888889
0.666666666667 0.875 0.65625 0.888888888889
0.722222222222 0.875 0.71875 0.888888888889
0.777777777778 0.875 0.78125 0.888888888889
0.833333333333 0.9375 0.84375 0.888888888889
0.888888888889 0.875 0.90625 0.888888888889
0.944444444444 0.875 0.96875 0.888888888889
0.0 0.9375 0.0 0.944444444444
0.0555555555556 0.9375 0.0625 0.944444444444
0.111111111111 0.9375 0.125 0.944444444444
0.166666666667 0.9375 0.1875 0.944444444444
0.222222222222 0.9375 0.25 0.944444444444
0.333333333333 0.9375 0.3125 0.944444444444
0.388888888889 0.9375 0.375 0.944444444444
0.444444444444 0.9375 0.4375 0.944444444444
0.5 0.9375 0.5 0.944444444444
0.555555555556 0.9375 0.5625 0.944444444444
0.611111111111 0.9375 0.625 0.944444444444
0.666666666667 0.9375 0.6875 0.944444444444
0.722222222222 0.9375 0.75 0.944444444444
0.777777777778 0.9375 0.8125 0.944444444444
0.888888888889 0.9375 0.875 0.944444444444
0.944444444444 0.9375 0.9375 0.944444444444
